,Unnamed: 0,seed,dataset,level,acc,disparity
0,0,0,AdultCensus,0.001,0.7914747251397334,0.005464476697435
1,0,0,AdultCensus,0.02,0.7942386831275721,0.014449180137403
2,0,0,AdultCensus,0.04,0.7971254836926479,0.0340862881305665
3,0,0,AdultCensus,0.06,0.7993366500829188,0.0550972736472955
4,0,0,AdultCensus,0.08,0.8027762422455623,0.0752792241345045
5,0,0,AdultCensus,0.1,0.8033904551317487,0.0790554636613701
6,0,0,AdultCensus,0.12,0.8068914685830109,0.1309680177659827
7,0,0,AdultCensus,0.14,0.8072599963147227,0.136217553793769
8,0,0,AdultCensus,0.16,0.8084270007984767,0.1531687187436621
9,0,0,AdultCensus,0.18,0.809225477550519,0.1735284105906944
0,0,1,AdultCensus,0.001,0.7891407161722253,0.0114616678947534
1,0,1,AdultCensus,0.02,0.7913518825624961,0.0058685223516893
2,0,1,AdultCensus,0.04,0.7971869049812665,0.0278055158932777
3,0,1,AdultCensus,0.06,0.7997051778146306,0.0471697440177904
4,0,1,AdultCensus,0.08,0.8025305570910878,0.0677236876032535
5,0,1,AdultCensus,0.1,0.8044346170382655,0.0888261426557861
6,0,1,AdultCensus,0.12,0.8065843621399177,0.130318558582798
7,0,1,AdultCensus,0.14,0.8065843621399177,0.130318558582798
8,0,1,AdultCensus,0.16,0.8076899453350531,0.148099064309963
9,0,1,AdultCensus,0.18,0.8096554265708494,0.1675358056096559
0,0,2,AdultCensus,0.001,0.7893249800380812,0.008618162843291
1,0,2,AdultCensus,0.02,0.7920275167373011,0.0098194457608583
2,0,2,AdultCensus,0.04,0.7963270069406057,0.0346182892190285
3,0,2,AdultCensus,0.06,0.7996437565260119,0.054707241431674
4,0,2,AdultCensus,0.08,0.8055402002334009,0.1239698593866088
5,0,2,AdultCensus,0.1,0.8055402002334009,0.1239698593866088
6,0,2,AdultCensus,0.12,0.8055402002334009,0.1239698593866088
7,0,2,AdultCensus,0.14,0.806522940851299,0.1378762353483129
8,0,2,AdultCensus,0.16,0.8069528898716295,0.1426653662195615
9,0,2,AdultCensus,0.18,0.8079970517781463,0.1726957065881506
0,0,3,AdultCensus,0.001,0.7927645722007248,0.003357619896433
1,0,3,AdultCensus,0.02,0.7966955346723175,0.0193212196073995
2,0,3,AdultCensus,0.04,0.7983539094650206,0.0383128431381541
3,0,3,AdultCensus,0.06,0.8001965481235797,0.0572087166645773
4,0,3,AdultCensus,0.08,0.8027148209569437,0.073984280488911
5,0,3,AdultCensus,0.1,0.8055402002334009,0.0958249125306639
6,0,3,AdultCensus,0.12,0.8082427369326208,0.1335475096336021
7,0,3,AdultCensus,0.14,0.8084270007984767,0.1384302502749181
8,0,3,AdultCensus,0.16,0.8089797923960445,0.1574965272151169
9,0,3,AdultCensus,0.18,0.8089797923960445,0.1738906197608848
0,0,4,AdultCensus,0.001,0.7911676186966402,0.0034524526575084
1,0,4,AdultCensus,0.02,0.7946072108592839,0.017570151273796
2,0,4,AdultCensus,0.04,0.7973097475585038,0.0373886695998067
3,0,4,AdultCensus,0.06,0.8002579694121983,0.0576678988301071
4,0,4,AdultCensus,0.08,0.8033904551317487,0.0782221481633222
5,0,4,AdultCensus,0.1,0.8049874086358332,0.0941640907418561
6,0,4,AdultCensus,0.12,0.8072599963147227,0.1227498748982114
7,0,4,AdultCensus,0.14,0.8083041582212395,0.13814086002766
8,0,4,AdultCensus,0.16,0.8093483201277563,0.1573135881435098
9,0,4,AdultCensus,0.18,0.8090412136846631,0.1750937881229228
0,0,5,AdultCensus,0.001,0.7893864013266998,0.0091691202923764
1,0,5,AdultCensus,0.02,0.7935016276641484,0.0113875750228546
2,0,5,AdultCensus,0.04,0.7952828450340889,0.029184896876379
3,0,5,AdultCensus,0.06,0.8048031447699773,0.104343452564765
4,0,5,AdultCensus,0.08,0.8048031447699773,0.104343452564765
5,0,5,AdultCensus,0.1,0.8048031447699773,0.104343452564765
6,0,5,AdultCensus,0.12,0.8057858853878754,0.1130975712417741
7,0,5,AdultCensus,0.14,0.8068914685830109,0.1277479333999863
8,0,5,AdultCensus,0.16,0.8092868988391376,0.1506901745921579
9,0,5,AdultCensus,0.18,0.8097782691480867,0.170497685999097
0,0,6,AdultCensus,0.001,0.7898163503470302,0.0041744250158734
1,0,6,AdultCensus,0.02,0.7921503593145384,0.0118660192967597
2,0,6,AdultCensus,0.04,0.794914317302377,0.0323315508239392
3,0,6,AdultCensus,0.06,0.7978625391560715,0.0492028646526043
4,0,6,AdultCensus,0.08,0.800810761009766,0.0720609742550201
5,0,6,AdultCensus,0.1,0.8040660893065537,0.0928954414029337
6,0,6,AdultCensus,0.12,0.8048031447699773,0.1112327137864719
7,0,6,AdultCensus,0.14,0.8070143111602481,0.140278291603861
8,0,6,AdultCensus,0.16,0.8074442601805786,0.1510529952578523
9,0,6,AdultCensus,0.18,0.8087341072415699,0.1729747014118412
0,0,7,AdultCensus,0.001,0.7904919845218352,0.0063969054250861
1,0,7,AdultCensus,0.02,0.7936858915300044,0.0094612113114438
2,0,7,AdultCensus,0.04,0.7971869049812665,0.0310335497008258
3,0,7,AdultCensus,0.06,0.8000737055463424,0.0543569564238112
4,0,7,AdultCensus,0.08,0.8035132977089859,0.0743565793349171
5,0,7,AdultCensus,0.1,0.8060929918309686,0.1154925952990264
6,0,7,AdultCensus,0.12,0.8060929918309686,0.1154925952990264
7,0,7,AdultCensus,0.14,0.8065843621399177,0.1329947176980047
8,0,7,AdultCensus,0.16,0.8081813156440022,0.1529876141585669
9,0,7,AdultCensus,0.18,0.8093483201277563,0.1727942083222499
0,0,8,AdultCensus,0.001,0.7910447761194029,0.0076753386920722
1,0,8,AdultCensus,0.02,0.7933787850869112,0.0119571830848113
2,0,8,AdultCensus,0.04,0.7978011178674529,0.0343539702874334
3,0,8,AdultCensus,0.06,0.7999508629691051,0.0533407018541562
4,0,8,AdultCensus,0.08,0.8025305570910878,0.0730631644280835
5,0,8,AdultCensus,0.1,0.8067686260057736,0.1229572737899778
6,0,8,AdultCensus,0.12,0.8067686260057736,0.1229572737899778
7,0,8,AdultCensus,0.14,0.8083041582212395,0.1343792963928899
8,0,8,AdultCensus,0.16,0.8098396904367053,0.1481036505262428
9,0,8,AdultCensus,0.18,0.8102696394570358,0.1722389704046367
0,0,9,AdultCensus,0.001,0.7909219335421657,0.0019553078319324
1,0,9,AdultCensus,0.02,0.7946072108592839,0.0164816892767129
2,0,9,AdultCensus,0.04,0.7971869049812665,0.0328892347235683
3,0,9,AdultCensus,0.06,0.798968122351207,0.0551015541158233
4,0,9,AdultCensus,0.08,0.8013021313187151,0.0757503304623619
5,0,9,AdultCensus,0.1,0.804004668017935,0.0984224435156507
6,0,9,AdultCensus,0.12,0.806707204717155,0.11565963548753
7,0,9,AdultCensus,0.14,0.8082427369326208,0.1355677888628323
8,0,9,AdultCensus,0.16,0.8106381671887476,0.1564830243752299
9,0,9,AdultCensus,0.18,0.8106995884773662,0.170948918723075
0,0,10,AdultCensus,0.001,0.7890792948836066,0.0063072703757945
1,0,10,AdultCensus,0.02,0.7916589890055893,0.0097337854323426
2,0,10,AdultCensus,0.04,0.794914317302377,0.0302965957026134
3,0,10,AdultCensus,0.06,0.798292488176402,0.0490024979591337
4,0,10,AdultCensus,0.08,0.8003193907008169,0.0701055645071702
5,0,10,AdultCensus,0.1,0.8034518764203673,0.0889968518173136
6,0,10,AdultCensus,0.12,0.8047417234813586,0.1090958937057748
7,0,10,AdultCensus,0.14,0.8063386769854431,0.1274405040353607
8,0,10,AdultCensus,0.16,0.809225477550519,0.1504898078986874
9,0,10,AdultCensus,0.18,0.8102082181684171,0.1700268854189916
0,0,11,AdultCensus,0.001,0.790184878078742,0.0043781549346158
1,0,11,AdultCensus,0.02,0.7929488360665807,0.0157159949898134
2,0,11,AdultCensus,0.04,0.7971254836926479,0.0385796080517651
3,0,11,AdultCensus,0.06,0.7992752287943001,0.0586780384447223
4,0,11,AdultCensus,0.08,0.8017320803390455,0.0746218155097681
5,0,11,AdultCensus,0.1,0.8059087279651127,0.1314250596972485
6,0,11,AdultCensus,0.12,0.8059087279651127,0.1314250596972485
7,0,11,AdultCensus,0.14,0.8060929918309686,0.1352022164673701
8,0,11,AdultCensus,0.16,0.809225477550519,0.1550969169415848
9,0,11,AdultCensus,0.18,0.8082427369326208,0.172044107170702
0,0,12,AdultCensus,0.001,0.7892021374608439,0.0095420306338864
1,0,12,AdultCensus,0.02,0.791536146428352,0.0074235044603501
2,0,12,AdultCensus,0.04,0.7962041643633684,0.0313957588710162
3,0,12,AdultCensus,0.06,0.7992752287943001,0.0511188329404474
4,0,12,AdultCensus,0.08,0.8024077145138505,0.0704683851728646
5,0,12,AdultCensus,0.1,0.8075056814691972,0.1302344269930422
6,0,12,AdultCensus,0.12,0.8075056814691972,0.1302344269930422
7,0,12,AdultCensus,0.14,0.8074442601805786,0.134564681446513
8,0,12,AdultCensus,0.16,0.8082427369326208,0.1452494443034607
9,0,12,AdultCensus,0.18,0.8097168478594681,0.1732555307220437
0,0,13,AdultCensus,0.001,0.7917818315828266,0.0007799625153256
1,0,13,AdultCensus,0.02,0.7938701553958603,0.0155376421344862
2,0,13,AdultCensus,0.04,0.7964498495178429,0.0336093725954213
3,0,13,AdultCensus,0.06,0.8000122842577237,0.0540721523928328
4,0,13,AdultCensus,0.08,0.8029605061114182,0.0726988150236292
5,0,13,AdultCensus,0.1,0.8048645660585959,0.0933448396403998
6,0,13,AdultCensus,0.12,0.8064000982740618,0.1128852803859759
7,0,13,AdultCensus,0.14,0.8084884220870954,0.1326065199688952
8,0,13,AdultCensus,0.16,0.8095940052822308,0.1537111152556917
9,0,13,AdultCensus,0.18,0.8101467968797985,0.1574876605303093
0,0,14,AdultCensus,0.001,0.7896320864811743,0.010940979473115
1,0,14,AdultCensus,0.02,0.793071678643818,0.0147805087846424
2,0,14,AdultCensus,0.04,0.796265585651987,0.0355283983607843
3,0,14,AdultCensus,0.06,0.798968122351207,0.0525808167745446
4,0,14,AdultCensus,0.08,0.8057858853878754,0.1205546060389257
5,0,14,AdultCensus,0.1,0.8057858853878754,0.1205546060389257
6,0,14,AdultCensus,0.12,0.8057858853878754,0.1205546060389257
7,0,14,AdultCensus,0.14,0.807198575026104,0.1317930780747268
8,0,14,AdultCensus,0.16,0.8071371537374854,0.1336368389351417
9,0,14,AdultCensus,0.18,0.8087955285301885,0.1614547885703337
0,0,15,AdultCensus,0.001,0.7884036607088016,0.0116458299573685
1,0,15,AdultCensus,0.02,0.7923346231803943,0.0090977791502454
2,0,15,AdultCensus,0.04,0.796941219826792,0.0316827031362585
3,0,15,AdultCensus,0.06,0.7998280203918678,0.0524284524781364
4,0,15,AdultCensus,0.08,0.8010564461642405,0.0682841232326506
5,0,15,AdultCensus,0.1,0.8039432467293164,0.0931744362266243
6,0,15,AdultCensus,0.12,0.8054787789447823,0.1163045084544349
7,0,15,AdultCensus,0.14,0.8071371537374854,0.1347363078512965
8,0,15,AdultCensus,0.16,0.8087341072415699,0.151969830850152
9,0,15,AdultCensus,0.18,0.8096554265708494,0.1631201965754213
0,0,16,AdultCensus,0.001,0.7913518825624961,0.004185737682697
1,0,16,AdultCensus,0.02,0.7933787850869112,0.0089965256863782
2,0,16,AdultCensus,0.04,0.7967569559609361,0.0321467772658201
3,0,16,AdultCensus,0.06,0.7993980713715374,0.0529830789002457
4,0,16,AdultCensus,0.08,0.8022234506479946,0.0722527800114349
5,0,16,AdultCensus,0.1,0.8051716725016891,0.0920780247879894
6,0,16,AdultCensus,0.12,0.8059701492537313,0.1130005982464347
7,0,16,AdultCensus,0.14,0.8073214176033413,0.1294044747202662
8,0,16,AdultCensus,0.16,0.8084884220870954,0.1462681448551316
9,0,16,AdultCensus,0.18,0.8083655795098581,0.1764927369621514
0,0,17,AdultCensus,0.001,0.7901234567901234,0.0009436394785573
1,0,17,AdultCensus,0.02,0.7931945212210553,0.0185989415012826
2,0,17,AdultCensus,0.04,0.7965112708064616,0.0353741995778642
3,0,17,AdultCensus,0.06,0.7983539094650206,0.052331785230549
4,0,17,AdultCensus,0.08,0.8002579694121983,0.073078146067931
5,0,17,AdultCensus,0.1,0.802837663534181,0.0918834673018066
6,0,17,AdultCensus,0.12,0.8055402002334009,0.1149306309308694
7,0,17,AdultCensus,0.14,0.806522940851299,0.1379729025959003
8,0,17,AdultCensus,0.16,0.8086726859529513,0.1572361830042977
9,0,17,AdultCensus,0.18,0.8086726859529513,0.1576051186250319
0,0,18,AdultCensus,0.001,0.7892021374608439,0.0081329921188421
1,0,18,AdultCensus,0.02,0.7917818315828266,0.0081840010354657
2,0,18,AdultCensus,0.04,0.7946686321479025,0.0285583687745935
3,0,18,AdultCensus,0.06,0.7982310668877833,0.0502178962312513
4,0,18,AdultCensus,0.08,0.8009336035870033,0.0704959024705437
5,0,18,AdultCensus,0.1,0.804004668017935,0.0913318983572173
6,0,18,AdultCensus,0.12,0.8058473066764941,0.1113327442593311
7,0,18,AdultCensus,0.14,0.8075056814691972,0.1327117481535383
8,0,18,AdultCensus,0.16,0.8082427369326208,0.1504977573402391
9,0,18,AdultCensus,0.18,0.8102082181684171,0.1677269998705667
0,0,19,AdultCensus,0.001,0.788342239420183,0.0155276034166292
1,0,19,AdultCensus,0.02,0.7926417296234874,0.0074296194153899
2,0,19,AdultCensus,0.04,0.7965112708064616,0.0300145434014029
3,0,19,AdultCensus,0.06,0.8000122842577237,0.0511255593909912
4,0,19,AdultCensus,0.08,0.8065843621399177,0.1144793982068913
5,0,19,AdultCensus,0.1,0.8065843621399177,0.1144793982068913
6,0,19,AdultCensus,0.12,0.8065843621399177,0.1144793982068913
7,0,19,AdultCensus,0.14,0.8083655795098581,0.1305097528437089
8,0,19,AdultCensus,0.16,0.8093483201277563,0.1474606120458499
9,0,19,AdultCensus,0.18,0.8097782691480867,0.1689264992595808
0,0,20,AdultCensus,0.001,0.7896320864811743,0.0066893531498642
1,0,20,AdultCensus,0.02,0.7934402063755298,0.0173789570128852
2,0,20,AdultCensus,0.04,0.7963884282292243,0.0353583006947608
3,0,20,AdultCensus,0.06,0.7998894416804865,0.0561909333561625
4,0,20,AdultCensus,0.08,0.8031447699772741,0.0797835509747747
5,0,20,AdultCensus,0.1,0.8054787789447823,0.1102198224420888
6,0,20,AdultCensus,0.12,0.8063386769854431,0.1199926416707687
7,0,20,AdultCensus,0.14,0.807198575026104,0.1383329715318268
8,0,20,AdultCensus,0.16,0.8082427369326208,0.1511389613341201
9,0,20,AdultCensus,0.18,0.8082427369326208,0.1511389613341201
0,0,21,AdultCensus,0.001,0.7897549290584116,0.0087952927076103
1,0,21,AdultCensus,0.02,0.7928874147779621,0.0110216968796403
2,0,21,AdultCensus,0.04,0.7966955346723175,0.028810152048357
3,0,21,AdultCensus,0.06,0.8000737055463424,0.0471550681256949
4,0,21,AdultCensus,0.08,0.8019777654935201,0.0683523559393029
5,0,21,AdultCensus,0.1,0.8064615195626804,0.1235957260540908
6,0,21,AdultCensus,0.12,0.8064615195626804,0.1235957260540908
7,0,21,AdultCensus,0.14,0.8063386769854431,0.1289382603564407
8,0,21,AdultCensus,0.16,0.8084884220870954,0.1541834445745571
9,0,21,AdultCensus,0.18,0.8096554265708494,0.17564810879728
0,0,22,AdultCensus,0.001,0.7905534058104539,0.0069429709101397
1,0,22,AdultCensus,0.02,0.793071678643818,0.0126965830650396
2,0,22,AdultCensus,0.04,0.7960813217861311,0.0338002611085802
3,0,22,AdultCensus,0.06,0.7992138075056815,0.0538919650509936
4,0,22,AdultCensus,0.08,0.8046188809041214,0.0990734314375953
5,0,22,AdultCensus,0.1,0.8046188809041214,0.0990734314375953
6,0,22,AdultCensus,0.12,0.8071371537374854,0.1165770825753336
7,0,22,AdultCensus,0.14,0.8081813156440022,0.1327977142298061
8,0,22,AdultCensus,0.16,0.8095325839936122,0.1563013082946307
9,0,22,AdultCensus,0.18,0.8097782691480867,0.1692899314207792
0,0,23,AdultCensus,0.001,0.7904305632332166,0.0095444766159023
1,0,23,AdultCensus,0.02,0.7939929979730975,0.0101834894175607
2,0,23,AdultCensus,0.04,0.796941219826792,0.0307466054355835
3,0,23,AdultCensus,0.06,0.8009336035870033,0.0509337536345763
4,0,23,AdultCensus,0.08,0.8027762422455623,0.0713995909095078
5,0,23,AdultCensus,0.1,0.8048645660585959,0.0914934350861852
6,0,23,AdultCensus,0.12,0.8081198943553836,0.1369627629812851
7,0,23,AdultCensus,0.14,0.8081198943553836,0.1369627629812851
8,0,23,AdultCensus,0.16,0.8097168478594681,0.1527144285421641
9,0,23,AdultCensus,0.18,0.8097168478594681,0.1527144285421641
0,0,24,AdultCensus,0.001,0.7898777716356489,0.0102948835152022
1,0,24,AdultCensus,0.02,0.7931945212210553,0.0114686491350905
2,0,24,AdultCensus,0.04,0.7968183772495547,0.0320308479098574
3,0,24,AdultCensus,0.06,0.7999508629691051,0.0568281626292676
4,0,24,AdultCensus,0.08,0.8019777654935201,0.0708400725233667
5,0,24,AdultCensus,0.1,0.8033904551317487,0.0901975741973357
6,0,24,AdultCensus,0.12,0.8058473066764941,0.1106683034362989
7,0,24,AdultCensus,0.14,0.8059087279651127,0.1224641536239771
8,0,24,AdultCensus,0.16,0.8088569498188072,0.1536260664226799
9,0,24,AdultCensus,0.18,0.8096554265708494,0.1759197656749228
0,0,25,AdultCensus,0.001,0.7906762483876911,0.0074269186435806
1,0,25,AdultCensus,0.02,0.7933173637982925,0.012577901979309
2,0,25,AdultCensus,0.04,0.8013635526073337,0.0737285224943716
3,0,25,AdultCensus,0.06,0.8013635526073337,0.0737285224943716
4,0,25,AdultCensus,0.08,0.8016706590504269,0.0762165448261875
5,0,25,AdultCensus,0.1,0.8046188809041214,0.0956612355674321
6,0,25,AdultCensus,0.12,0.8047417234813586,0.1140908947300298
7,0,25,AdultCensus,0.14,0.8075056814691972,0.1393440283896979
8,0,25,AdultCensus,0.16,0.8075056814691972,0.1531641325273822
9,0,25,AdultCensus,0.18,0.8074442601805786,0.1586935806221151
0,0,26,AdultCensus,0.001,0.7904305632332166,0.0056844112470329
1,0,26,AdultCensus,0.02,0.7943001044161907,0.0157098800347736
2,0,26,AdultCensus,0.04,0.796941219826792,0.0347063955295602
3,0,26,AdultCensus,0.06,0.7990909649284442,0.0521268323207986
4,0,26,AdultCensus,0.08,0.8019777654935201,0.0723170379973114
5,0,26,AdultCensus,0.1,0.8032061912658928,0.0944403338357788
6,0,26,AdultCensus,0.12,0.8057244640992568,0.1103929775856323
7,0,26,AdultCensus,0.14,0.8065843621399177,0.1246744041231103
8,0,26,AdultCensus,0.16,0.807198575026104,0.1478953343912205
9,0,26,AdultCensus,0.18,0.8091026349732817,0.1699253262073723
0,0,27,AdultCensus,0.001,0.7904919845218352,0.0016086917970935
1,0,27,AdultCensus,0.02,0.7927031509121062,0.0148967438883572
2,0,27,AdultCensus,0.04,0.7970640624040293,0.0349860018487547
3,0,27,AdultCensus,0.06,0.7997665991032492,0.0532308874532333
4,0,27,AdultCensus,0.08,0.8076285240464345,0.1185147589535681
5,0,27,AdultCensus,0.1,0.8076285240464345,0.1185147589535681
6,0,27,AdultCensus,0.12,0.8076285240464345,0.1185147589535681
7,0,27,AdultCensus,0.14,0.8095325839936122,0.1349152722021278
8,0,27,AdultCensus,0.16,0.8100853755911799,0.1526948606860368
9,0,27,AdultCensus,0.18,0.8108838523432221,0.1687258268183583
0,0,28,AdultCensus,0.001,0.788342239420183,0.010568069131605
1,0,28,AdultCensus,0.02,0.7911061974080216,0.0087013262318322
2,0,28,AdultCensus,0.04,0.7947914747251398,0.0300017019958194
3,0,28,AdultCensus,0.06,0.7981082243105461,0.0496293318086712
4,0,28,AdultCensus,0.08,0.7997051778146306,0.0628143469075143
5,0,28,AdultCensus,0.1,0.806522940851299,0.1263627432095972
6,0,28,AdultCensus,0.12,0.806522940851299,0.1263627432095972
7,0,28,AdultCensus,0.14,0.8073214176033413,0.1317955240567427
8,0,28,AdultCensus,0.16,0.8083041582212395,0.1432178524074068
9,0,28,AdultCensus,0.18,0.8075671027578158,0.1687313302778941
0,0,29,AdultCensus,0.001,0.7907990909649284,0.0014309504372702
1,0,29,AdultCensus,0.02,0.7936244702413857,0.0196864862551097
2,0,29,AdultCensus,0.04,0.7973097475585038,0.0372920023522193
3,0,29,AdultCensus,0.06,0.7990295436398256,0.0537943805601502
4,0,29,AdultCensus,0.08,0.8012407100300964,0.0704784748486803
5,0,29,AdultCensus,0.1,0.8063386769854431,0.1215705548608287
6,0,29,AdultCensus,0.12,0.8063386769854431,0.1215705548608287
7,0,29,AdultCensus,0.14,0.8070143111602481,0.1365834319369833
8,0,29,AdultCensus,0.16,0.8067686260057736,0.1455217126766075
9,0,29,AdultCensus,0.18,0.8094097414163749,0.1773018983877921
0,0,30,AdultCensus,0.001,0.7914747251397334,0.0030783193249905
1,0,30,AdultCensus,0.02,0.7943615257048093,0.0172085535991096
2,0,30,AdultCensus,0.04,0.7979853817333088,0.0391504391047298
3,0,30,AdultCensus,0.06,0.800135126834961,0.0571282540478454
4,0,30,AdultCensus,0.08,0.801486395184571,0.0742700017631453
5,0,30,AdultCensus,0.1,0.8036975615748418,0.0911364236277786
6,0,30,AdultCensus,0.12,0.806522940851299,0.1283934178623951
7,0,30,AdultCensus,0.14,0.8074442601805786,0.1322617384205682
8,0,30,AdultCensus,0.16,0.8081198943553836,0.1529879199063188
9,0,30,AdultCensus,0.18,0.8083041582212395,0.1624747121130125
0,0,31,AdultCensus,0.001,0.7891407161722253,0.0136954609707898
1,0,31,AdultCensus,0.02,0.7904919845218352,0.000590246035216
2,0,31,AdultCensus,0.04,0.7956513727658007,0.0260284590007552
3,0,31,AdultCensus,0.06,0.798783858485351,0.04576284573701
4,0,31,AdultCensus,0.08,0.8054173576561636,0.1164020929452782
5,0,31,AdultCensus,0.1,0.8054173576561636,0.1164020929452782
6,0,31,AdultCensus,0.12,0.8054173576561636,0.1164020929452782
7,0,31,AdultCensus,0.14,0.806707204717155,0.1276448454496071
8,0,31,AdultCensus,0.16,0.8081813156440022,0.1485585522232448
9,0,31,AdultCensus,0.18,0.8086112646643326,0.1674425015873404
0,0,32,AdultCensus,0.001,0.7917204102942079,0.0041847694814823
1,0,32,AdultCensus,0.02,0.7946072108592839,0.0204115160909946
2,0,32,AdultCensus,0.04,0.798292488176402,0.0386667971190408
3,0,32,AdultCensus,0.06,0.8008721822983846,0.057749890185599
4,0,32,AdultCensus,0.08,0.8031447699772741,0.0771116723280958
5,0,32,AdultCensus,0.1,0.8044960383268841,0.0943500872909832
6,0,32,AdultCensus,0.12,0.806707204717155,0.1129645200116999
7,0,32,AdultCensus,0.14,0.8071371537374854,0.1249457552530011
8,0,32,AdultCensus,0.16,0.8087341072415699,0.1517734388774573
9,0,32,AdultCensus,0.18,0.8100853755911799,0.1706607514668248
0,0,33,AdultCensus,0.001,0.7899391929242675,0.0063243922499059
1,0,33,AdultCensus,0.02,0.7939929979730975,0.0140496697414698
2,0,33,AdultCensus,0.04,0.7971254836926479,0.0347030323042883
3,0,33,AdultCensus,0.06,0.7996437565260119,0.054894460971809
4,0,33,AdultCensus,0.08,0.802653399668325,0.0740708580606827
5,0,33,AdultCensus,0.1,0.8041889318837909,0.0910263034791036
6,0,33,AdultCensus,0.12,0.8062158344082059,0.1103838051530726
7,0,33,AdultCensus,0.14,0.8062158344082059,0.1235663742698998
8,0,33,AdultCensus,0.16,0.8089183711074258,0.1521371767864076
9,0,33,AdultCensus,0.18,0.8094711627049935,0.1623673436941055
0,0,34,AdultCensus,0.001,0.7896320864811743,0.0094352737104833
1,0,34,AdultCensus,0.02,0.7929488360665807,0.0116833859729046
2,0,34,AdultCensus,0.04,0.794914317302377,0.0332517496415107
3,0,34,AdultCensus,0.06,0.7973711688471224,0.0512182519178027
4,0,34,AdultCensus,0.08,0.8018549229162828,0.0718618305525575
5,0,34,AdultCensus,0.1,0.8042503531724096,0.0980308825612693
6,0,34,AdultCensus,0.12,0.8046188809041214,0.1200691295667248
7,0,34,AdultCensus,0.14,0.8062772556968245,0.1383192128829872
8,0,34,AdultCensus,0.16,0.8084884220870954,0.1578581248898034
9,0,34,AdultCensus,0.18,0.8089183711074258,0.171215377888934
0,0,35,AdultCensus,0.001,0.790369141944598,0.0058493112012727
1,0,35,AdultCensus,0.02,0.7939315766844789,0.013699996229111
2,0,35,AdultCensus,0.04,0.7970026411154106,0.0373969247891104
3,0,35,AdultCensus,0.06,0.7997665991032492,0.0564797121079167
4,0,35,AdultCensus,0.08,0.8024077145138505,0.0772242384587867
5,0,35,AdultCensus,0.1,0.8044346170382655,0.0932674345011878
6,0,35,AdultCensus,0.12,0.8052330937903077,0.110322604644716
7,0,35,AdultCensus,0.14,0.8075056814691972,0.1344677084511736
8,0,35,AdultCensus,0.16,0.8066457834285363,0.1512411320412433
9,0,35,AdultCensus,0.18,0.8066457834285363,0.1512411320412433
0,0,36,AdultCensus,0.001,0.7880965542657085,0.0054739548777467
1,0,36,AdultCensus,0.02,0.7914747251397334,0.0109406227674044
2,0,36,AdultCensus,0.04,0.7939929979730975,0.0318693111808895
3,0,36,AdultCensus,0.06,0.7970026411154106,0.0515896335205528
4,0,36,AdultCensus,0.08,0.8001965481235797,0.0702040662412696
5,0,36,AdultCensus,0.1,0.8062158344082059,0.1264548242409047
6,0,36,AdultCensus,0.12,0.8062158344082059,0.1264548242409047
7,0,36,AdultCensus,0.14,0.8057858853878754,0.131706500502955
8,0,36,AdultCensus,0.16,0.8082427369326208,0.1540867773269697
9,0,36,AdultCensus,0.18,0.807874209200909,0.1714959014513845
0,0,37,AdultCensus,0.001,0.7898777716356489,0.0079607542185546
1,0,37,AdultCensus,0.02,0.7932559425096739,0.0146229467764504
2,0,37,AdultCensus,0.04,0.7966341133836988,0.0321363818422524
3,0,37,AdultCensus,0.06,0.7992138075056815,0.051770126610144
4,0,37,AdultCensus,0.08,0.8018549229162828,0.0722307661732917
5,0,37,AdultCensus,0.1,0.8038818254406978,0.0875330334967045
6,0,37,AdultCensus,0.12,0.8074442601805786,0.1273762460494842
7,0,37,AdultCensus,0.14,0.8077513666236718,0.1327190860995861
8,0,37,AdultCensus,0.16,0.8084884220870954,0.1433123794207303
9,0,37,AdultCensus,0.18,0.8084884220870954,0.1433123794207303
0,0,38,AdultCensus,0.001,0.7899391929242675,0.0058422790029769
1,0,38,AdultCensus,0.02,0.7933173637982925,0.0167469254515639
2,0,38,AdultCensus,0.04,0.7956513727658007,0.037674696621793
3,0,38,AdultCensus,0.06,0.7978011178674529,0.0589704861695004
4,0,38,AdultCensus,0.08,0.801486395184571,0.0761140683713123
5,0,38,AdultCensus,0.1,0.8033904551317487,0.0920636546436459
6,0,38,AdultCensus,0.12,0.8046188809041214,0.1115089568803945
7,0,38,AdultCensus,0.14,0.8067686260057736,0.1427329874307099
8,0,38,AdultCensus,0.16,0.8068300472943922,0.1477992786391371
9,0,38,AdultCensus,0.18,0.8084270007984767,0.1699311354146602
0,0,39,AdultCensus,0.001,0.7882193968429457,0.0107442817526684
1,0,39,AdultCensus,0.02,0.7927645722007248,0.0095392279461598
2,0,39,AdultCensus,0.04,0.7966341133836988,0.030651466926756
3,0,39,AdultCensus,0.06,0.7985995946194951,0.0502937726317034
4,0,39,AdultCensus,0.08,0.8011792887414778,0.0681776720569995
5,0,39,AdultCensus,0.1,0.8041275105951723,0.0861466203153074
6,0,39,AdultCensus,0.12,0.806522940851299,0.1306902459333001
7,0,39,AdultCensus,0.14,0.8074442601805786,0.1354793768045487
8,0,39,AdultCensus,0.16,0.8077513666236718,0.1421125742839642
9,0,39,AdultCensus,0.18,0.8083041582212395,0.1679897900634019
0,0,40,AdultCensus,0.001,0.7877894478226153,0.0047400583570542
1,0,40,AdultCensus,0.02,0.790860512253547,0.0157276134043891
2,0,40,AdultCensus,0.04,0.7954056876113261,0.0377566879772849
3,0,40,AdultCensus,0.06,0.798292488176402,0.0574812907854761
4,0,40,AdultCensus,0.08,0.8018549229162828,0.0757390177955383
5,0,40,AdultCensus,0.1,0.8032676125545114,0.0948211936188405
6,0,40,AdultCensus,0.12,0.8052945150789264,0.1135344338214086
7,0,40,AdultCensus,0.14,0.8066457834285363,0.1248759938075888
8,0,40,AdultCensus,0.16,0.8068914685830109,0.1551048663831365
9,0,40,AdultCensus,0.18,0.8086726859529513,0.1704016302470136
0,0,41,AdultCensus,0.001,0.790184878078742,0.0052029094956079
1,0,41,AdultCensus,0.02,0.7930102573551994,0.0150744852481805
2,0,41,AdultCensus,0.04,0.7965112708064616,0.0360031736616656
3,0,41,AdultCensus,0.06,0.7991523862170629,0.0540764328613607
4,0,41,AdultCensus,0.08,0.8023462932252319,0.0735247925756292
5,0,41,AdultCensus,0.1,0.8048645660585959,0.0948187476368246
6,0,41,AdultCensus,0.12,0.8075056814691972,0.1132511585291902
7,0,41,AdultCensus,0.14,0.8074442601805786,0.1341731204921316
8,0,41,AdultCensus,0.16,0.8084270007984767,0.1514984187745426
9,0,41,AdultCensus,0.18,0.8100853755911799,0.1789645546631118
0,0,42,AdultCensus,0.001,0.7882808181315644,0.0089831237432493
1,0,42,AdultCensus,0.02,0.7920275167373011,0.0108375348170252
2,0,42,AdultCensus,0.04,0.795589951477182,0.0302907864953256
3,0,42,AdultCensus,0.06,0.7979239604446902,0.049929423227249
4,0,42,AdultCensus,0.08,0.8012407100300964,0.0678102651750253
5,0,42,AdultCensus,0.1,0.8034518764203673,0.0894734616047068
6,0,42,AdultCensus,0.12,0.8036361402862232,0.0980431124713488
7,0,42,AdultCensus,0.14,0.8064000982740618,0.1243957150471717
8,0,42,AdultCensus,0.16,0.8083655795098581,0.1580459559254423
9,0,42,AdultCensus,0.18,0.8082427369326208,0.159336313354756
0,0,43,AdultCensus,0.001,0.7888950310177507,0.0034466434502206
1,0,43,AdultCensus,0.02,0.7919660954486825,0.0211729299093661
2,0,43,AdultCensus,0.04,0.7951600024568516,0.0385055661378249
3,0,43,AdultCensus,0.06,0.7985995946194951,0.0596156648841572
4,0,43,AdultCensus,0.08,0.8005036545666728,0.0733473569635579
5,0,43,AdultCensus,0.1,0.8029605061114182,0.0922432304899811
6,0,43,AdultCensus,0.12,0.8062772556968245,0.1295895540261373
7,0,43,AdultCensus,0.14,0.806522940851299,0.1320766591146971
8,0,43,AdultCensus,0.16,0.8080584730667649,0.1514231538695945
9,0,43,AdultCensus,0.18,0.8095940052822308,0.1713184658393132
0,0,44,AdultCensus,0.001,0.7903077206559793,0.0063109393488184
1,0,44,AdultCensus,0.02,0.7939929979730975,0.0147061611229503
2,0,44,AdultCensus,0.04,0.7977396965788343,0.0354457955097885
3,0,44,AdultCensus,0.06,0.8000122842577237,0.0580362229553373
4,0,44,AdultCensus,0.08,0.8022234506479946,0.0760088401866691
5,0,44,AdultCensus,0.1,0.8034518764203673,0.0924169971290286
6,0,44,AdultCensus,0.12,0.8057858853878754,0.1117735815597416
7,0,44,AdultCensus,0.14,0.8075056814691972,0.145429937393052
8,0,44,AdultCensus,0.16,0.8075056814691972,0.145429937393052
9,0,44,AdultCensus,0.18,0.8088569498188072,0.1669854596560745
0,0,45,AdultCensus,0.001,0.7907990909649284,0.0041750365113773
1,0,45,AdultCensus,0.02,0.7943001044161907,0.0107576836957972
2,0,45,AdultCensus,0.04,0.7961427430747497,0.0328791450477527
3,0,45,AdultCensus,0.06,0.7998280203918678,0.0564812408466766
4,0,45,AdultCensus,0.08,0.8035747189976046,0.0774998700572053
5,0,45,AdultCensus,0.1,0.8052945150789264,0.0975894337653549
6,0,45,AdultCensus,0.12,0.8071371537374854,0.129222452891915
7,0,45,AdultCensus,0.14,0.8077513666236718,0.1364983831039715
8,0,45,AdultCensus,0.16,0.8077513666236718,0.1364983831039715
9,0,45,AdultCensus,0.18,0.8084884220870954,0.1709483072275711
0,0,46,AdultCensus,0.001,0.7863767581843867,0.0068487496445682
1,0,46,AdultCensus,0.02,0.7911061974080216,0.0151726812345278
2,0,46,AdultCensus,0.04,0.7935630489527671,0.0311085088580219
3,0,46,AdultCensus,0.06,0.802837663534181,0.0981449774307201
4,0,46,AdultCensus,0.08,0.802837663534181,0.0981449774307201
5,0,46,AdultCensus,0.1,0.802837663534181,0.0981449774307201
6,0,46,AdultCensus,0.12,0.8049259873472145,0.1168517969304963
7,0,46,AdultCensus,0.14,0.8068300472943922,0.1336291952413419
8,0,46,AdultCensus,0.16,0.8075671027578158,0.1435776155955813
9,0,46,AdultCensus,0.18,0.8092868988391376,0.1649538677600206
0,0,47,AdultCensus,0.001,0.7895706651925557,0.005308137680251
1,0,47,AdultCensus,0.02,0.7931945212210553,0.012204685890047
2,0,47,AdultCensus,0.04,0.7965112708064616,0.0307340697777519
3,0,47,AdultCensus,0.06,0.7980468030219274,0.0506465036215821
4,0,47,AdultCensus,0.08,0.8003808119894356,0.063088755514925
5,0,47,AdultCensus,0.1,0.8077513666236718,0.1342835463885585
6,0,47,AdultCensus,0.12,0.8077513666236718,0.1342835463885585
7,0,47,AdultCensus,0.14,0.8077513666236718,0.1342835463885585
8,0,47,AdultCensus,0.16,0.8094097414163749,0.1424842616344663
9,0,47,AdultCensus,0.18,0.8106995884773662,0.1692920716550431
0,0,48,AdultCensus,0.001,0.7900006142128861,0.0048312221451058
1,0,48,AdultCensus,0.02,0.7931330999324366,0.0146198892989306
2,0,48,AdultCensus,0.04,0.7959584792088938,0.0317616370142305
3,0,48,AdultCensus,0.06,0.7985381733308765,0.0515789323492332
4,0,48,AdultCensus,0.08,0.8011178674528592,0.0725036460419424
5,0,48,AdultCensus,0.1,0.8035132977089859,0.105888039249858
6,0,48,AdultCensus,0.12,0.8039432467293164,0.1144576901165
7,0,48,AdultCensus,0.14,0.8060929918309686,0.1328974389549134
8,0,48,AdultCensus,0.16,0.8066457834285363,0.1363056601043007
9,0,48,AdultCensus,0.18,0.8082427369326208,0.175007822046655
0,0,49,AdultCensus,0.001,0.7906762483876911,0.0006790147992103
1,0,49,AdultCensus,0.02,0.7932559425096739,0.0187766828611059
2,0,49,AdultCensus,0.04,0.7964498495178429,0.0384098161334935
3,0,49,AdultCensus,0.06,0.8012407100300964,0.0562900465857657
4,0,49,AdultCensus,0.08,0.8035747189976046,0.0743544391006531
5,0,49,AdultCensus,0.1,0.8051716725016891,0.0940793476565963
6,0,49,AdultCensus,0.12,0.8062158344082059,0.1136216228886843
7,0,49,AdultCensus,0.14,0.8087955285301885,0.1338102998264372
8,0,49,AdultCensus,0.16,0.8104539033228917,0.1572254818329781
9,0,49,AdultCensus,0.18,0.810576745900129,0.1745489456288772
