,Unnamed: 0,seed,dataset,alpha,acc,disparity
0,0,0,AdultCensus,0.0,0.8098396904367053,0.2013466659736384
0,0,0,AdultCensus,0.5,0.8052330937903077,0.1050217029945954
0,0,0,AdultCensus,1.0,0.8035132977089859,0.0857623973069738
0,0,0,AdultCensus,1.5,0.8018549229162828,0.0761771033661808
0,0,0,AdultCensus,2.0,0.8005650758552915,0.0586814016699942
0,0,0,AdultCensus,2.5,0.7978625391560715,0.0471587370987188
0,0,0,AdultCensus,3.0,0.8022848719366132,0.0637559480677251
0,0,0,AdultCensus,3.5,0.8011792887414778,0.0561906276084105
0,0,0,AdultCensus,4.0,0.8005650758552915,0.0606129630931888
0,0,0,AdultCensus,4.5,0.799459492660156,0.0497357829843222
0,0,0,AdultCensus,5.0,0.7990295436398256,0.0522183018566022
0,0,1,AdultCensus,0.0,0.807874209200909,0.2111984190802903
0,0,1,AdultCensus,0.5,0.8045574596155027,0.1053884983810656
0,0,1,AdultCensus,1.0,0.8028990848227996,0.0787562894860482
0,0,1,AdultCensus,1.5,0.8019163442049014,0.0693566863466303
0,0,1,AdultCensus,2.0,0.7998280203918678,0.0580212413154899
0,0,1,AdultCensus,2.5,0.8000737055463424,0.0559985161042436
0,0,1,AdultCensus,3.0,0.800135126834961,0.0556280517447495
0,0,1,AdultCensus,3.5,0.7999508629691051,0.054707547179426
0,0,1,AdultCensus,4.0,0.8006264971439101,0.0550749540614002
0,0,1,AdultCensus,4.5,0.7995209139487747,0.0549825672823407
0,0,1,AdultCensus,5.0,0.7995823352373933,0.0533315294215965
0,0,2,AdultCensus,0.0,0.8095325839936122,0.2031023205235216
0,0,2,AdultCensus,0.5,0.8048645660585959,0.0949833418433124
0,0,2,AdultCensus,1.0,0.8030219274000369,0.0766509614238061
0,0,2,AdultCensus,1.5,0.8013635526073337,0.0678995944765649
0,0,2,AdultCensus,2.0,0.8012407100300964,0.0649499439972034
0,0,2,AdultCensus,2.5,0.8001965481235797,0.0549045506476246
0,0,2,AdultCensus,3.0,0.7997665991032492,0.0549917397149004
0,0,2,AdultCensus,3.5,0.80332903384313,0.0820109233480194
0,0,2,AdultCensus,4.0,0.7979239604446902,0.0439340665164426
0,0,2,AdultCensus,4.5,0.8059701492537313,0.12385454152615
0,0,2,AdultCensus,5.0,0.8033904551317487,0.0949827303478084
0,0,3,AdultCensus,0.0,0.809901111725324,0.1957291115683738
0,0,3,AdultCensus,0.5,0.806522940851299,0.1330733458282248
0,0,3,AdultCensus,1.0,0.8063386769854431,0.1220153668820149
0,0,3,AdultCensus,1.5,0.8045574596155027,0.1051553657201735
0,0,3,AdultCensus,2.0,0.8006264971439101,0.0750880298735936
0,0,3,AdultCensus,2.5,0.8037589828634605,0.0993469228017501
0,0,3,AdultCensus,3.0,0.8030219274000369,0.085783799649613
0,0,3,AdultCensus,3.5,0.8006264971439101,0.0714947294183352
0,0,3,AdultCensus,4.0,0.8003193907008169,0.0676325238152019
0,0,3,AdultCensus,4.5,0.8000737055463424,0.0643879796290464
0,0,3,AdultCensus,5.0,0.8005650758552915,0.0630070699071851
0,0,4,AdultCensus,0.0,0.8094097414163749,0.2175599596820631
0,0,4,AdultCensus,0.5,0.8070143111602481,0.1201379737688812
0,0,4,AdultCensus,1.0,0.8025919783797064,0.085943196144317
0,0,4,AdultCensus,1.5,0.801486395184571,0.0572720574071979
0,0,4,AdultCensus,2.0,0.800810761009766,0.0582898407156128
0,0,4,AdultCensus,2.5,0.7986610159081138,0.0464939905279346
0,0,4,AdultCensus,3.0,0.8022234506479946,0.0868762363674721
0,0,4,AdultCensus,3.5,0.7946686321479025,0.0290821146737518
0,0,4,AdultCensus,4.0,0.8034518764203673,0.0847605128816623
0,0,4,AdultCensus,4.5,0.7967569559609361,0.0408807165911979
0,0,4,AdultCensus,5.0,0.7993980713715374,0.051210608224003
0,0,5,AdultCensus,0.0,0.8091026349732817,0.1973880988706697
0,0,5,AdultCensus,0.5,0.8046188809041214,0.1029286048424329
0,0,5,AdultCensus,1.0,0.8017320803390455,0.0836696049025633
0,0,5,AdultCensus,1.5,0.8000122842577237,0.070486424290232
0,0,5,AdultCensus,2.0,0.7989067010625883,0.0711471961402403
0,0,5,AdultCensus,2.5,0.7991523862170629,0.064133138877763
0,0,5,AdultCensus,3.0,0.7960813217861311,0.0420924458902916
0,0,5,AdultCensus,3.5,0.7957127940544193,0.034711898989096
0,0,5,AdultCensus,4.0,0.7944843682820466,0.0255912906733686
0,0,5,AdultCensus,4.5,0.7952214237454702,0.0310249887637701
0,0,5,AdultCensus,5.0,0.796941219826792,0.0494797192420309
0,0,6,AdultCensus,0.0,0.8094097414163749,0.2057845945937682
0,0,6,AdultCensus,0.5,0.8047417234813586,0.0991407469009917
0,0,6,AdultCensus,1.0,0.8012407100300964,0.0647590554840445
0,0,6,AdultCensus,1.5,0.7993366500829188,0.0634793992260505
0,0,6,AdultCensus,2.0,0.8004422332780542,0.0659787342246899
0,0,6,AdultCensus,2.5,0.801486395184571,0.0763912287084909
0,0,6,AdultCensus,3.0,0.7981696455991647,0.0519607093755509
0,0,6,AdultCensus,3.5,0.8006264971439101,0.0553612868311385
0,0,6,AdultCensus,4.0,0.7913518825624961,0.0050227221537686
0,0,6,AdultCensus,4.5,0.7888336097291321,0.0061286117727152
0,0,6,AdultCensus,5.0,0.7924574657576315,0.0141588726468888
0,0,7,AdultCensus,0.0,0.8092868988391376,0.206884675005427
0,0,7,AdultCensus,0.5,0.8041889318837909,0.094620215429866
0,0,7,AdultCensus,1.0,0.8033904551317487,0.0808964727920171
0,0,7,AdultCensus,1.5,0.8032061912658928,0.0884614875035798
0,0,7,AdultCensus,2.0,0.8017935016276642,0.0720469098584286
0,0,7,AdultCensus,2.5,0.8005036545666728,0.0558171057713964
0,0,7,AdultCensus,3.0,0.800135126834961,0.0573105816239486
0,0,7,AdultCensus,3.5,0.7999508629691051,0.0597967694692524
0,0,7,AdultCensus,4.0,0.7980468030219274,0.0507609042387849
0,0,7,AdultCensus,4.5,0.8018549229162828,0.0727979282532325
0,0,7,AdultCensus,5.0,0.7978625391560715,0.0572350109712484
0,0,8,AdultCensus,0.0,0.8087341072415699,0.2023610860567814
0,0,8,AdultCensus,0.5,0.8045574596155027,0.1008780565857556
0,0,8,AdultCensus,1.0,0.8009950248756219,0.0726823046450217
0,0,8,AdultCensus,1.5,0.8015478164731896,0.0713023121664164
0,0,8,AdultCensus,2.0,0.8005650758552915,0.0655920652343403
0,0,8,AdultCensus,2.5,0.8003808119894356,0.0617237446761672
0,0,8,AdultCensus,3.0,0.7989067010625883,0.0474325342106255
0,0,8,AdultCensus,3.5,0.7995209139487747,0.0456869693365579
0,0,8,AdultCensus,4.0,0.8024691358024691,0.0689231869922676
0,0,8,AdultCensus,4.5,0.8017935016276642,0.0669729749562016
0,0,8,AdultCensus,5.0,0.8017320803390455,0.0626384400342029
0,0,9,AdultCensus,0.0,0.8083655795098581,0.1984936827418643
0,0,9,AdultCensus,0.5,0.8050488299244518,0.1026419663249426
0,0,9,AdultCensus,1.0,0.8027148209569437,0.0751761361841253
0,0,9,AdultCensus,1.5,0.8006264971439101,0.0615377481270402
0,0,9,AdultCensus,2.0,0.8002579694121983,0.0574825137764841
0,0,9,AdultCensus,2.5,0.8000737055463424,0.0543563449283072
0,0,9,AdultCensus,3.0,0.8009336035870033,0.0586832361565061
0,0,9,AdultCensus,3.5,0.7992138075056815,0.0488235336083024
0,0,9,AdultCensus,4.0,0.7966341133836988,0.0341639990175305
0,0,9,AdultCensus,4.5,0.7985995946194951,0.0478054445521356
0,0,9,AdultCensus,5.0,0.7998280203918678,0.05545703683547
0,0,10,AdultCensus,0.0,0.8097782691480867,0.2065071784476371
0,0,10,AdultCensus,0.5,0.8043731957496468,0.0877930719597717
0,0,10,AdultCensus,1.0,0.8016092377618083,0.0685316260378862
0,0,10,AdultCensus,1.5,0.8009950248756219,0.0683523559393029
0,0,10,AdultCensus,2.0,0.7998894416804865,0.0612605877898616
0,0,10,AdultCensus,2.5,0.7985381733308765,0.0472508181300263
0,0,10,AdultCensus,3.0,0.7958356366316566,0.033509647870314
0,0,10,AdultCensus,3.5,0.7946072108592839,0.0277082371501863
0,0,10,AdultCensus,4.0,0.7946686321479025,0.0229870332378381
0,0,10,AdultCensus,4.5,0.8027762422455623,0.0672483008068683
0,0,10,AdultCensus,5.0,0.8005650758552915,0.0767335642748019
0,0,11,AdultCensus,0.0,0.8081198943553836,0.2227987945385298
0,0,11,AdultCensus,0.5,0.8025919783797064,0.1245480793435799
0,0,11,AdultCensus,1.0,0.8025919783797064,0.1017805220337117
0,0,11,AdultCensus,1.5,0.8017935016276642,0.0806915198822667
0,0,11,AdultCensus,2.0,0.8019163442049014,0.0822614836307749
0,0,11,AdultCensus,2.5,0.802162029359376,0.0811510077955485
0,0,11,AdultCensus,3.0,0.8015478164731896,0.0872491467089821
0,0,11,AdultCensus,3.5,0.8001965481235797,0.0653100129331299
0,0,11,AdultCensus,4.0,0.800135126834961,0.0676059237607788
0,0,11,AdultCensus,4.5,0.8005650758552915,0.0609715032903553
0,0,11,AdultCensus,5.0,0.8019163442049014,0.0715654081070035
0,0,12,AdultCensus,0.0,0.8087955285301885,0.2065053439611252
0,0,12,AdultCensus,0.5,0.8045574596155027,0.128979587260918
0,0,12,AdultCensus,1.0,0.8032676125545114,0.0858529495995213
0,0,12,AdultCensus,1.5,0.8022234506479946,0.0854941036546028
0,0,12,AdultCensus,2.0,0.8013635526073337,0.0734165069134662
0,0,12,AdultCensus,2.5,0.7998280203918678,0.0646626939842091
0,0,12,AdultCensus,3.0,0.7980468030219274,0.0502806254783678
0,0,12,AdultCensus,3.5,0.8019163442049014,0.071659629372575
0,0,12,AdultCensus,4.0,0.8028990848227996,0.0741614103532303
0,0,12,AdultCensus,4.5,0.7884650819974203,0.0093792709139105
0,0,12,AdultCensus,5.0,0.8016706590504269,0.0748215707077347
0,0,13,AdultCensus,0.0,0.8083655795098581,0.2113850271249213
0,0,13,AdultCensus,0.5,0.8075671027578158,0.1339106360470484
0,0,13,AdultCensus,1.0,0.8067686260057736,0.1199078985855089
0,0,13,AdultCensus,1.5,0.8044960383268841,0.0950065786724636
0,0,13,AdultCensus,2.0,0.8044346170382655,0.0913236431679136
0,0,13,AdultCensus,2.5,0.8036361402862232,0.0917987242165468
0,0,13,AdultCensus,3.0,0.8017320803390455,0.0698372708547993
0,0,13,AdultCensus,3.5,0.800810761009766,0.0594198844069665
0,0,13,AdultCensus,4.0,0.7980468030219274,0.0466940514736532
0,0,13,AdultCensus,4.5,0.7995209139487747,0.0592580419302467
0,0,13,AdultCensus,5.0,0.7978011178674529,0.0525119725723883
0,0,14,AdultCensus,0.0,0.8087955285301885,0.2046539394069105
0,0,14,AdultCensus,0.5,0.8032676125545114,0.1172039164248711
0,0,14,AdultCensus,1.0,0.8007493397211474,0.0783852136310501
0,0,14,AdultCensus,1.5,0.799459492660156,0.0623621969402803
0,0,14,AdultCensus,2.0,0.8003193907008169,0.0660466611835903
0,0,14,AdultCensus,2.5,0.7985381733308765,0.0612569188168377
0,0,14,AdultCensus,3.0,0.7970026411154106,0.0443871337269325
0,0,14,AdultCensus,3.5,0.7979239604446902,0.0513005490210466
0,0,14,AdultCensus,4.0,0.7962041643633684,0.0358982512247745
0,0,14,AdultCensus,4.5,0.797616854001597,0.0460433692994605
0,0,14,AdultCensus,5.0,0.799459492660156,0.0570074327278508
0,0,15,AdultCensus,0.0,0.8092868988391376,0.1663616832840569
0,0,15,AdultCensus,0.5,0.806522940851299,0.1290278954057323
0,0,15,AdultCensus,1.0,0.8028990848227996,0.0785923067750644
0,0,15,AdultCensus,1.5,0.7999508629691051,0.0717795334493136
0,0,15,AdultCensus,2.0,0.7998280203918678,0.0709511099152976
0,0,15,AdultCensus,2.5,0.7958970579202752,0.039251386820845
0,0,15,AdultCensus,3.0,0.7949757385909957,0.0341728657023382
0,0,15,AdultCensus,3.5,0.7951600024568516,0.0386970661464878
0,0,15,AdultCensus,4.0,0.8030219274000369,0.0835781353667597
0,0,15,AdultCensus,4.5,0.8036975615748418,0.0921435057648738
0,0,15,AdultCensus,5.0,0.7935016276641484,0.014153674935105
0,0,16,AdultCensus,0.0,0.8084270007984767,0.2007063792230134
0,0,16,AdultCensus,0.5,0.8054173576561636,0.1063349915053083
0,0,16,AdultCensus,1.0,0.8021006080707573,0.0777592970247686
0,0,16,AdultCensus,1.5,0.7997051778146306,0.0571083804439661
0,0,16,AdultCensus,2.0,0.7984153307536392,0.0487253376219551
0,0,16,AdultCensus,2.5,0.7990295436398256,0.061357255037449
0,0,16,AdultCensus,3.0,0.798292488176402,0.0446682687848871
0,0,16,AdultCensus,3.5,0.7971869049812665,0.0346231811830603
0,0,16,AdultCensus,4.0,0.8003808119894356,0.0558268896994601
0,0,16,AdultCensus,4.5,0.8003808119894356,0.0652362767669417
0,0,16,AdultCensus,5.0,0.7984767520422579,0.0478091135251594
0,0,17,AdultCensus,0.0,0.8089797923960445,0.2012646746181465
0,0,17,AdultCensus,0.5,0.8057244640992568,0.1369538962964774
0,0,17,AdultCensus,1.0,0.8047417234813586,0.1166868969762566
0,0,17,AdultCensus,1.5,0.7993980713715374,0.0629259957949492
0,0,17,AdultCensus,2.0,0.7974325901357411,0.0455015842829348
0,0,17,AdultCensus,2.5,0.8021006080707573,0.0960604402156133
0,0,17,AdultCensus,3.0,0.7990295436398256,0.068673543952768
0,0,17,AdultCensus,3.5,0.7987224371967324,0.048836375013886
0,0,17,AdultCensus,4.0,0.7993366500829188,0.0513216456159339
0,0,17,AdultCensus,4.5,0.7995823352373933,0.0597074401677128
0,0,17,AdultCensus,5.0,0.8010564461642405,0.066989485334809
0,0,18,AdultCensus,0.0,0.8098396904367053,0.2172922775251961
0,0,18,AdultCensus,0.5,0.8036361402862232,0.0892694259382124
0,0,18,AdultCensus,1.0,0.802837663534181,0.0740693293219228
0,0,18,AdultCensus,1.5,0.8011178674528592,0.0581273867433889
0,0,18,AdultCensus,2.0,0.8018549229162828,0.0602467792022226
0,0,18,AdultCensus,2.5,0.8005650758552915,0.0538907420599856
0,0,18,AdultCensus,3.0,0.7998894416804865,0.047712752025324
0,0,18,AdultCensus,3.5,0.8001965481235797,0.0526034421081918
0,0,18,AdultCensus,4.0,0.7963270069406057,0.0335175973118657
0,0,18,AdultCensus,4.5,0.796265585651987,0.0341658335040424
0,0,18,AdultCensus,5.0,0.7961427430747497,0.032229380116816
0,0,19,AdultCensus,0.0,0.807198575026104,0.2075209870352761
0,0,19,AdultCensus,0.5,0.8058473066764941,0.1143478757155771
0,0,19,AdultCensus,1.0,0.8047417234813586,0.0884605702603238
0,0,19,AdultCensus,1.5,0.8035747189976046,0.0808129526977652
0,0,19,AdultCensus,2.0,0.8016706590504269,0.0668934295827256
0,0,19,AdultCensus,2.5,0.8016092377618083,0.0698446088008471
0,0,19,AdultCensus,3.0,0.8017935016276642,0.067817908868825
0,0,19,AdultCensus,3.5,0.8011792887414778,0.0593354470694587
0,0,19,AdultCensus,4.0,0.8014249738959524,0.0630254147723045
0,0,19,AdultCensus,4.5,0.8007493397211474,0.0576758482716589
0,0,19,AdultCensus,5.0,0.8013635526073337,0.0673513887572474
0,0,20,AdultCensus,0.0,0.808549843375714,0.1949012995298618
0,0,20,AdultCensus,0.5,0.8033904551317487,0.1017086203540355
0,0,20,AdultCensus,1.0,0.8018549229162828,0.0803283934688203
0,0,20,AdultCensus,1.5,0.7995823352373933,0.0552478034571917
0,0,20,AdultCensus,2.0,0.7975554327129784,0.03847407411937
0,0,20,AdultCensus,2.5,0.7981696455991647,0.0423524843533587
0,0,20,AdultCensus,3.0,0.798783858485351,0.0594122407131668
0,0,20,AdultCensus,3.5,0.7981696455991647,0.045871131399173
0,0,20,AdultCensus,4.0,0.8027762422455623,0.0804522722663348
0,0,20,AdultCensus,4.5,0.798968122351207,0.0494573996561357
0,0,20,AdultCensus,5.0,0.7815858976721332,0.0514752838613087
0,0,21,AdultCensus,0.0,0.8087955285301885,0.2069660548654149
0,0,21,AdultCensus,0.5,0.8047417234813586,0.1104670194995724
0,0,21,AdultCensus,1.0,0.8032061912658928,0.0862240254545195
0,0,21,AdultCensus,1.5,0.8030219274000369,0.0789502354767269
0,0,21,AdultCensus,2.0,0.8009336035870033,0.0638342704501931
0,0,21,AdultCensus,2.5,0.8014249738959524,0.0638336589546891
0,0,21,AdultCensus,3.0,0.8007493397211474,0.0639294089590206
0,0,21,AdultCensus,3.5,0.8002579694121983,0.0572010729707776
0,0,21,AdultCensus,4.0,0.7985995946194951,0.0547185540984976
0,0,21,AdultCensus,4.5,0.7988452797739697,0.0530568150664338
0,0,21,AdultCensus,5.0,0.799459492660156,0.0557286937131128
0,0,22,AdultCensus,0.0,0.8113752226521712,0.199970953963561
0,0,22,AdultCensus,0.5,0.8049874086358332,0.1062276230864012
0,0,22,AdultCensus,1.0,0.8036975615748418,0.0859627640004443
0,0,22,AdultCensus,1.5,0.8013021313187151,0.069176804752543
0,0,22,AdultCensus,2.0,0.8007493397211474,0.0582118240808967
0,0,22,AdultCensus,2.5,0.8007493397211474,0.0585832056836468
0,0,22,AdultCensus,3.0,0.7993980713715374,0.0541547552438287
0,0,22,AdultCensus,3.5,0.7995209139487747,0.0503772927259552
0,0,22,AdultCensus,4.0,0.7990295436398256,0.0508398381167569
0,0,22,AdultCensus,4.5,0.7965112708064616,0.0359040604320623
0,0,22,AdultCensus,5.0,0.7984767520422579,0.0411627688924083
0,0,23,AdultCensus,0.0,0.8091026349732817,0.2064193778848574
0,0,23,AdultCensus,0.5,0.8043117744610282,0.1078872218842011
0,0,23,AdultCensus,1.0,0.8022848719366132,0.0754487103050241
0,0,23,AdultCensus,1.5,0.800810761009766,0.0652219066225982
0,0,23,AdultCensus,2.0,0.8009950248756219,0.0608023228675877
0,0,23,AdultCensus,2.5,0.8001965481235797,0.0565632322021685
0,0,23,AdultCensus,3.0,0.8005036545666728,0.0560098287710672
0,0,23,AdultCensus,3.5,0.7992138075056815,0.0474401779044252
0,0,23,AdultCensus,4.0,0.8006264971439101,0.0578532838837302
0,0,23,AdultCensus,4.5,0.7998280203918678,0.052786381179799
0,0,23,AdultCensus,5.0,0.7995209139487747,0.048275633636737
0,0,24,AdultCensus,0.0,0.8094097414163749,0.2066001767222006
0,0,24,AdultCensus,0.5,0.80603157054235,0.1075176747679629
0,0,24,AdultCensus,1.0,0.8038204041520791,0.0877077173790079
0,0,24,AdultCensus,1.5,0.8041275105951723,0.0814477359888544
0,0,24,AdultCensus,2.0,0.8032061912658928,0.0792332050211934
0,0,24,AdultCensus,2.5,0.8013635526073337,0.0702062064755335
0,0,24,AdultCensus,3.0,0.8017935016276642,0.0697451898234918
0,0,24,AdultCensus,3.5,0.7998280203918678,0.0526884909412036
0,0,24,AdultCensus,4.0,0.8000737055463424,0.0602434159769506
0,0,24,AdultCensus,4.5,0.8003193907008169,0.0608931809078873
0,0,24,AdultCensus,5.0,0.8004422332780542,0.0489012444952665
0,0,25,AdultCensus,0.0,0.8100853755911799,0.2183911349458469
0,0,25,AdultCensus,0.5,0.8052330937903077,0.1082497368021434
0,0,25,AdultCensus,1.0,0.8038818254406978,0.0821690968517153
0,0,25,AdultCensus,1.5,0.8019777654935201,0.06816391340816
0,0,25,AdultCensus,2.0,0.8012407100300964,0.0746199810232561
0,0,25,AdultCensus,2.5,0.8002579694121983,0.059966561387524
0,0,25,AdultCensus,3.0,0.8013021313187151,0.0619932613195461
0,0,25,AdultCensus,3.5,0.7984153307536392,0.0542593719329678
0,0,25,AdultCensus,4.0,0.7971869049812665,0.0417222872785494
0,0,25,AdultCensus,4.5,0.7979239604446902,0.0463318423034627
0,0,25,AdultCensus,5.0,0.7997665991032492,0.0514847110836617
0,0,26,AdultCensus,0.0,0.8100239543025612,0.1982174396479416
0,0,26,AdultCensus,0.5,0.8056630428106382,0.1053309668457329
0,0,26,AdultCensus,1.0,0.8022848719366132,0.0822853319554301
0,0,26,AdultCensus,1.5,0.8016092377618083,0.0805449647931463
0,0,26,AdultCensus,2.0,0.8006879184325287,0.0688415013845277
0,0,26,AdultCensus,2.5,0.7999508629691051,0.0698540869811588
0,0,26,AdultCensus,3.0,0.8011792887414778,0.0738157115616474
0,0,26,AdultCensus,3.5,0.7984153307536392,0.053347122556948
0,0,26,AdultCensus,4.0,0.8006879184325287,0.065415241117773
0,0,26,AdultCensus,4.5,0.8009336035870033,0.0558247494651962
0,0,26,AdultCensus,5.0,0.7990295436398256,0.0561022155501268
0,0,27,AdultCensus,0.0,0.8101467968797985,0.200344781548327
0,0,27,AdultCensus,0.5,0.806522940851299,0.1197727071211708
0,0,27,AdultCensus,1.0,0.8022848719366132,0.0758935223262104
0,0,27,AdultCensus,1.5,0.8018549229162828,0.0692664398018346
0,0,27,AdultCensus,2.0,0.7999508629691051,0.0619840888869864
0,0,27,AdultCensus,2.5,0.7981696455991647,0.0480657887629547
0,0,27,AdultCensus,3.0,0.801486395184571,0.069176499004791
0,0,27,AdultCensus,3.5,0.8006879184325287,0.058576784980855
0,0,27,AdultCensus,4.0,0.8001965481235797,0.0547980994719736
0,0,27,AdultCensus,4.5,0.7998280203918678,0.0509306961570564
0,0,27,AdultCensus,5.0,0.8010564461642405,0.0617130435048476
0,0,28,AdultCensus,0.0,0.809225477550519,0.2044725290740633
0,0,28,AdultCensus,0.5,0.8054787789447823,0.1358195721365958
0,0,28,AdultCensus,1.0,0.8019163442049014,0.0751629890307898
0,0,28,AdultCensus,1.5,0.7998894416804865,0.0630000377088894
0,0,28,AdultCensus,2.0,0.8010564461642405,0.0713029236619204
0,0,28,AdultCensus,2.5,0.799459492660156,0.0646755353897927
0,0,28,AdultCensus,3.0,0.7988452797739697,0.0602525884095103
0,0,28,AdultCensus,3.5,0.7990909649284442,0.0548084948955412
0,0,28,AdultCensus,4.0,0.797616854001597,0.0545221621258029
0,0,28,AdultCensus,4.5,0.8013021313187151,0.0630970107042287
0,0,28,AdultCensus,5.0,0.798968122351207,0.0536998535468268
0,0,29,AdultCensus,0.0,0.8095325839936122,0.193430449010957
0,0,29,AdultCensus,0.5,0.8058473066764941,0.1094568798849573
0,0,29,AdultCensus,1.0,0.8041275105951723,0.0868759306197201
0,0,29,AdultCensus,1.5,0.8015478164731896,0.076652795910318
0,0,29,AdultCensus,2.0,0.8011178674528592,0.0772074223324273
0,0,29,AdultCensus,2.5,0.8012407100300964,0.076199728699828
0,0,29,AdultCensus,3.0,0.8011792887414778,0.0773013378502467
0,0,29,AdultCensus,3.5,0.8011178674528592,0.0755462947958675
0,0,29,AdultCensus,4.0,0.8006879184325287,0.0688256025014242
0,0,29,AdultCensus,4.5,0.8025919783797064,0.081164154948884
0,0,29,AdultCensus,5.0,0.7920889380259197,0.0100185894633209
0,0,30,AdultCensus,0.0,0.8089183711074258,0.2004322763633547
0,0,30,AdultCensus,0.5,0.8044960383268841,0.1041920564695714
0,0,30,AdultCensus,1.0,0.8007493397211474,0.0702826943714896
0,0,30,AdultCensus,1.5,0.7996437565260119,0.0611565825962264
0,0,30,AdultCensus,2.0,0.7999508629691051,0.0547950419944537
0,0,30,AdultCensus,2.5,0.7975554327129784,0.0461348388352641
0,0,30,AdultCensus,3.0,0.7992138075056815,0.0525906007026083
0,0,30,AdultCensus,3.5,0.7940544192617162,0.0243893453023386
0,0,30,AdultCensus,4.0,0.7957127940544193,0.0295504692718413
0,0,30,AdultCensus,4.5,0.796265585651987,0.0330504657047842
0,0,30,AdultCensus,5.0,0.8006264971439101,0.0672528870231481
0,0,31,AdultCensus,0.0,0.8083041582212395,0.2034724791352638
0,0,31,AdultCensus,0.5,0.8047417234813586,0.110104198833878
0,0,31,AdultCensus,1.0,0.8019777654935201,0.0891804023844247
0,0,31,AdultCensus,1.5,0.8003193907008169,0.0744385706904089
0,0,31,AdultCensus,2.0,0.7993366500829188,0.0703827248443489
0,0,31,AdultCensus,2.5,0.7997051778146306,0.0709419374827379
0,0,31,AdultCensus,3.0,0.8001965481235797,0.0663348284398405
0,0,31,AdultCensus,3.5,0.8009950248756219,0.0651383865283463
0,0,31,AdultCensus,4.0,0.798783858485351,0.057858175847762
0,0,31,AdultCensus,4.5,0.8002579694121983,0.0679950387331443
0,0,31,AdultCensus,5.0,0.8000122842577237,0.05342605643492
0,0,32,AdultCensus,0.0,0.8089797923960445,0.207602672643016
0,0,32,AdultCensus,0.5,0.8057858853878754,0.114882322786055
0,0,32,AdultCensus,1.0,0.8010564461642405,0.0700927231015867
0,0,32,AdultCensus,1.5,0.7993366500829188,0.0595899820729901
0,0,32,AdultCensus,2.0,0.7991523862170629,0.0569214666515831
0,0,32,AdultCensus,2.5,0.798968122351207,0.0504650932887349
0,0,32,AdultCensus,3.0,0.7981696455991647,0.043732782579716
0,0,32,AdultCensus,3.5,0.7989067010625883,0.0493616496518042
0,0,32,AdultCensus,4.0,0.7995209139487747,0.0512938225705028
0,0,32,AdultCensus,4.5,0.7993366500829188,0.0548959897105689
0,0,32,AdultCensus,5.0,0.8007493397211474,0.059217683226984
0,0,33,AdultCensus,0.0,0.8096554265708494,0.2136968368356738
0,0,33,AdultCensus,0.5,0.8076899453350531,0.1229025449423716
0,0,33,AdultCensus,1.0,0.8016092377618083,0.075905446488538
0,0,33,AdultCensus,1.5,0.8014249738959524,0.0703808903578369
0,0,33,AdultCensus,2.0,0.8008721822983846,0.0677949777874258
0,0,33,AdultCensus,2.5,0.7997051778146306,0.0620832021165897
0,0,33,AdultCensus,3.0,0.8011792887414778,0.072782335117881
0,0,33,AdultCensus,3.5,0.7931945212210553,0.0277856422893984
0,0,33,AdultCensus,4.0,0.8037589828634605,0.0816251716009258
0,0,33,AdultCensus,4.5,0.7998894416804865,0.0605202705663773
0,0,33,AdultCensus,5.0,0.798783858485351,0.0594997355281945
0,0,34,AdultCensus,0.0,0.8087341072415699,0.2065007577448453
0,0,34,AdultCensus,0.5,0.8041889318837909,0.1146883767953762
0,0,34,AdultCensus,1.0,0.8028990848227996,0.085569062811799
0,0,34,AdultCensus,1.5,0.8019777654935201,0.0786691004187725
0,0,34,AdultCensus,2.0,0.8007493397211474,0.0645675554753816
0,0,34,AdultCensus,2.5,0.7993980713715374,0.0640175152695523
0,0,34,AdultCensus,3.0,0.7989067010625883,0.056923301138095
0,0,34,AdultCensus,3.5,0.7997665991032492,0.060607153885901
0,0,34,AdultCensus,4.0,0.7999508629691051,0.0612529440960618
0,0,34,AdultCensus,4.5,0.7988452797739697,0.0547974879764696
0,0,34,AdultCensus,5.0,0.799459492660156,0.0590374958851448
0,0,35,AdultCensus,0.0,0.8094097414163749,0.2117603834484473
0,0,35,AdultCensus,0.5,0.8037589828634605,0.1184985543227126
0,0,35,AdultCensus,1.0,0.8030833486886555,0.091015908055536
0,0,35,AdultCensus,1.5,0.8008721822983846,0.0670491571044057
0,0,35,AdultCensus,2.0,0.8000122842577237,0.0632674141180043
0,0,35,AdultCensus,2.5,0.800810761009766,0.0635479376804548
0,0,35,AdultCensus,3.0,0.7995823352373933,0.052037503019259
0,0,35,AdultCensus,3.5,0.8002579694121983,0.0570946217951265
0,0,35,AdultCensus,4.0,0.7993980713715374,0.0500909599562169
0,0,35,AdultCensus,4.5,0.8005650758552915,0.0529473064132629
0,0,35,AdultCensus,5.0,0.8001965481235797,0.0547907615259258
0,0,36,AdultCensus,0.0,0.8079970517781463,0.1976548637842806
0,0,36,AdultCensus,0.5,0.8037589828634605,0.1024519950550396
0,0,36,AdultCensus,1.0,0.8016706590504269,0.0795063906375961
0,0,36,AdultCensus,1.5,0.7995209139487747,0.0672522755276441
0,0,36,AdultCensus,2.0,0.7998280203918678,0.0743608598034449
0,0,36,AdultCensus,2.5,0.800135126834961,0.0757359603180184
0,0,36,AdultCensus,3.0,0.7999508629691051,0.0711352719779127
0,0,36,AdultCensus,3.5,0.7978625391560715,0.0479859376417268
0,0,36,AdultCensus,4.0,0.8001965481235797,0.0706647771455593
0,0,36,AdultCensus,4.5,0.7971869049812665,0.0498339789706696
0,0,36,AdultCensus,5.0,0.7998280203918678,0.0724182914611787
0,0,37,AdultCensus,0.0,0.8079970517781463,0.2057628865033769
0,0,37,AdultCensus,0.5,0.8054787789447823,0.1478164005132485
0,0,37,AdultCensus,1.0,0.8057858853878754,0.1204450973857548
0,0,37,AdultCensus,1.5,0.8051102512130704,0.1037772077280801
0,0,37,AdultCensus,2.0,0.8043117744610282,0.1006412549518396
0,0,37,AdultCensus,2.5,0.8016706590504269,0.0678001754992096
0,0,37,AdultCensus,3.0,0.8005650758552915,0.0677077887201501
0,0,37,AdultCensus,3.5,0.7995823352373933,0.054816444337093
0,0,37,AdultCensus,4.0,0.799459492660156,0.0549987719131961
0,0,37,AdultCensus,4.5,0.7963270069406057,0.03914279541093
0,0,37,AdultCensus,5.0,0.7996437565260119,0.0488213933740385
0,0,38,AdultCensus,0.0,0.8097168478594681,0.1976707626673841
0,0,38,AdultCensus,0.5,0.8045574596155027,0.1084452115315822
0,0,38,AdultCensus,1.0,0.802162029359376,0.0836448393346521
0,0,38,AdultCensus,1.5,0.8009336035870033,0.0745315689649725
0,0,38,AdultCensus,2.0,0.8000122842577237,0.0679944272376404
0,0,38,AdultCensus,2.5,0.8022848719366132,0.090858346047344
0,0,38,AdultCensus,3.0,0.8011178674528592,0.0772165947649869
0,0,38,AdultCensus,3.5,0.8025305570910878,0.0852276444887438
0,0,38,AdultCensus,4.0,0.7995209139487747,0.0636657015229295
0,0,38,AdultCensus,4.5,0.8025305570910878,0.0784999199960048
0,0,38,AdultCensus,5.0,0.8005650758552915,0.0658735060400468
0,0,39,AdultCensus,0.0,0.8106995884773662,0.1790593874241873
0,0,39,AdultCensus,0.5,0.8036975615748418,0.0904780977597862
0,0,39,AdultCensus,1.0,0.8016092377618083,0.0682648611242752
0,0,39,AdultCensus,1.5,0.802162029359376,0.064026993449864
0,0,39,AdultCensus,2.0,0.8016092377618083,0.0603440579453139
0,0,39,AdultCensus,2.5,0.8006879184325287,0.057751418924359
0,0,39,AdultCensus,3.0,0.8007493397211474,0.0574825137764841
0,0,39,AdultCensus,3.5,0.7997665991032492,0.055456731087718
0,0,39,AdultCensus,4.0,0.802837663534181,0.09069894955264
0,0,39,AdultCensus,4.5,0.8042503531724096,0.0800784446815688
0,0,39,AdultCensus,5.0,0.798783858485351,0.0724779122728166
0,0,40,AdultCensus,0.0,0.8111295374976967,0.2098361599713004
0,0,40,AdultCensus,0.5,0.8064000982740618,0.1296617614535655
0,0,40,AdultCensus,1.0,0.8047417234813586,0.1079107644611043
0,0,40,AdultCensus,1.5,0.8031447699772741,0.0979568406473291
0,0,40,AdultCensus,2.0,0.802837663534181,0.0878190605186908
0,0,40,AdultCensus,2.5,0.801486395184571,0.0780480757765228
0,0,40,AdultCensus,3.0,0.8010564461642405,0.0756524402237665
0,0,40,AdultCensus,3.5,0.8016092377618083,0.0737107891247562
0,0,40,AdultCensus,4.0,0.802162029359376,0.0666052623264754
0,0,40,AdultCensus,4.5,0.8023462932252319,0.0643032365437866
0,0,40,AdultCensus,5.0,0.8011792887414778,0.0659665043146103
0,0,41,AdultCensus,0.0,0.8087341072415699,0.2051277974645358
0,0,41,AdultCensus,0.5,0.8057244640992568,0.1102981448245568
0,0,41,AdultCensus,1.0,0.8024077145138505,0.0739778597861192
0,0,41,AdultCensus,1.5,0.8003193907008169,0.0643017078050267
0,0,41,AdultCensus,2.0,0.7999508629691051,0.0581191315540852
0,0,41,AdultCensus,2.5,0.7991523862170629,0.0545285828285947
0,0,41,AdultCensus,3.0,0.8005650758552915,0.0596909297891053
0,0,41,AdultCensus,3.5,0.7993366500829188,0.0517664576371202
0,0,41,AdultCensus,4.0,0.8003193907008169,0.059139666592268
0,0,41,AdultCensus,4.5,0.8011178674528592,0.0636571405858738
0,0,41,AdultCensus,5.0,0.8000122842577237,0.0575791810240715
0,0,42,AdultCensus,0.0,0.8074442601805786,0.1990415827134297
0,0,42,AdultCensus,0.5,0.8040660893065537,0.0984851727627672
0,0,42,AdultCensus,1.0,0.8000737055463424,0.0621768118866572
0,0,42,AdultCensus,1.5,0.7988452797739697,0.0536961845738029
0,0,42,AdultCensus,2.0,0.7976782752902156,0.0406063079837872
0,0,42,AdultCensus,2.5,0.7962041643633684,0.0347963363266038
0,0,42,AdultCensus,3.0,0.7981082243105461,0.0486301991131276
0,0,42,AdultCensus,3.5,0.798292488176402,0.0516707076327888
0,0,42,AdultCensus,4.0,0.7963270069406057,0.0348012282906356
0,0,42,AdultCensus,4.5,0.8016706590504269,0.0772077280801793
0,0,42,AdultCensus,5.0,0.8030833486886555,0.0759268488311773
0,0,43,AdultCensus,0.0,0.8079970517781463,0.1920425070907999
0,0,43,AdultCensus,0.5,0.8064000982740618,0.1491058406993062
0,0,43,AdultCensus,1.0,0.8057244640992568,0.1210205146549993
0,0,43,AdultCensus,1.5,0.8038204041520791,0.1006516503754072
0,0,43,AdultCensus,2.0,0.804004668017935,0.1067421455950412
0,0,43,AdultCensus,2.5,0.8003808119894356,0.0718685570031013
0,0,43,AdultCensus,3.0,0.8029605061114182,0.0875547415870958
0,0,43,AdultCensus,3.5,0.8003808119894356,0.069208296770998
0,0,43,AdultCensus,4.0,0.802653399668325,0.0909672432050109
0,0,43,AdultCensus,4.5,0.8037589828634605,0.09040619608011
0,0,43,AdultCensus,5.0,0.8019777654935201,0.0784121194332252
0,0,44,AdultCensus,0.0,0.8109452736318408,0.207338965206925
0,0,44,AdultCensus,0.5,0.8047417234813586,0.1089857735570999
0,0,44,AdultCensus,1.0,0.8040660893065537,0.0931463074334412
0,0,44,AdultCensus,1.5,0.8049259873472145,0.0870597869345832
0,0,44,AdultCensus,2.0,0.8037589828634605,0.0787740228556636
0,0,44,AdultCensus,2.5,0.8023462932252319,0.0696488283236564
0,0,44,AdultCensus,3.0,0.8027148209569437,0.0744400994291689
0,0,44,AdultCensus,3.5,0.8016706590504269,0.0667839209295547
0,0,44,AdultCensus,4.0,0.802653399668325,0.0720407949033888
0,0,44,AdultCensus,4.5,0.8020391867821387,0.0698235122059598
0,0,44,AdultCensus,5.0,0.8010564461642405,0.0653999537301735
0,0,45,AdultCensus,0.0,0.8099625330139426,0.185312948111549
0,0,45,AdultCensus,0.5,0.8056630428106382,0.1045765852256571
0,0,45,AdultCensus,1.0,0.8038818254406978,0.0868881605297997
0,0,45,AdultCensus,1.5,0.8024691358024691,0.0764775005325106
0,0,45,AdultCensus,2.0,0.801486395184571,0.0709489696810337
0,0,45,AdultCensus,2.5,0.8020391867821387,0.0726985092758772
0,0,45,AdultCensus,3.0,0.8021006080707573,0.071316070815256
0,0,45,AdultCensus,3.5,0.8011178674528592,0.0628336090158896
0,0,45,AdultCensus,4.0,0.8008721822983846,0.0632074366006557
0,0,45,AdultCensus,4.5,0.7962041643633684,0.035085726573862
0,0,45,AdultCensus,5.0,0.7980468030219274,0.0473493198641257
0,0,46,AdultCensus,0.0,0.8087955285301885,0.2128580178780902
0,0,46,AdultCensus,0.5,0.8048031447699773,0.1158924624006702
0,0,46,AdultCensus,1.0,0.8020391867821387,0.0787642389275999
0,0,46,AdultCensus,1.5,0.802162029359376,0.071848071903718
0,0,46,AdultCensus,2.0,0.8013021313187151,0.0680748898543723
0,0,46,AdultCensus,2.5,0.8001965481235797,0.0569168804353032
0,0,46,AdultCensus,3.0,0.8014249738959524,0.0611648377855301
0,0,46,AdultCensus,3.5,0.8009336035870033,0.0619033205225025
0,0,46,AdultCensus,4.0,0.8009336035870033,0.0598744803562165
0,0,46,AdultCensus,4.5,0.798783858485351,0.0484445083117526
0,0,46,AdultCensus,5.0,0.7998894416804865,0.0491787105801971
0,0,47,AdultCensus,0.0,0.8099625330139426,0.2219923848426571
0,0,47,AdultCensus,0.5,0.80603157054235,0.110185272946114
0,0,47,AdultCensus,1.0,0.8031447699772741,0.079855146906699
0,0,47,AdultCensus,1.5,0.8011178674528592,0.0695399311659894
0,0,47,AdultCensus,2.0,0.8006879184325287,0.0629911710240817
0,0,47,AdultCensus,2.5,0.7993366500829188,0.0562652810178546
0,0,47,AdultCensus,3.0,0.8045574596155027,0.0865984645347895
0,0,47,AdultCensus,3.5,0.798968122351207,0.047337395701798
0,0,47,AdultCensus,4.0,0.7999508629691051,0.0477038853405163
0,0,47,AdultCensus,4.5,0.8058473066764941,0.1057785305966871
0,0,47,AdultCensus,5.0,0.7898777716356489,0.0023618504261614
0,0,48,AdultCensus,0.0,0.8087955285301885,0.1937987731361871
0,0,48,AdultCensus,0.5,0.8044346170382655,0.0973875383331244
0,0,48,AdultCensus,1.0,0.8000737055463424,0.0646639169752171
0,0,48,AdultCensus,1.5,0.7985995946194951,0.0515810725834971
0,0,48,AdultCensus,2.0,0.7985381733308765,0.0492692628727447
0,0,48,AdultCensus,2.5,0.7979239604446902,0.0442069463850933
0,0,48,AdultCensus,3.0,0.7967569559609361,0.0383140661291621
0,0,48,AdultCensus,3.5,0.7966955346723175,0.0384887500114655
0,0,48,AdultCensus,4.0,0.7965112708064616,0.038769273573916
0,0,48,AdultCensus,4.5,0.7979239604446902,0.0436617981432958
0,0,48,AdultCensus,5.0,0.7993980713715374,0.0530503943636421
0,0,49,AdultCensus,0.0,0.8084884220870954,0.2077036203591313
0,0,49,AdultCensus,0.5,0.8036975615748418,0.1088019172422368
0,0,49,AdultCensus,1.0,0.8024077145138505,0.0804210859956318
0,0,49,AdultCensus,1.5,0.8010564461642405,0.0700033938000471
0,0,49,AdultCensus,2.0,0.7993980713715374,0.058764310268742
0,0,49,AdultCensus,2.5,0.8003808119894356,0.0561915448516664
0,0,49,AdultCensus,3.0,0.7998280203918678,0.0534208587231362
0,0,49,AdultCensus,3.5,0.7985995946194951,0.0502882691721675
0,0,49,AdultCensus,4.0,0.7987224371967324,0.0449377854282659
0,0,49,AdultCensus,4.5,0.7984153307536392,0.0419951671472002
0,0,49,AdultCensus,5.0,0.8001965481235797,0.0579398614555019
