,Unnamed: 0,seed,dataset,alpha,acc,disparity
0,0,0,AdultCensus,0.0,0.7914747251397334,0.005464476697435
1,0,0,AdultCensus,0.02,0.7942386831275721,0.014449180137403
2,0,0,AdultCensus,0.04,0.7973097475585038,0.0319684244104928
3,0,0,AdultCensus,0.06,0.7992752287943001,0.0529794099272218
4,0,0,AdultCensus,0.08,0.802837663534181,0.0754636919448716
5,0,0,AdultCensus,0.1,0.8068914685830109,0.1309680177659827
6,0,0,AdultCensus,0.12,0.8068914685830109,0.1309680177659827
7,0,0,AdultCensus,0.14,0.806707204717155,0.1342838521363105
8,0,0,AdultCensus,0.16,0.8083041582212395,0.1534452675853367
9,0,0,AdultCensus,inf,0.8091026349732817,0.1983119666612651
0,0,1,AdultCensus,0.0,0.7891407161722253,0.0114616678947534
1,0,1,AdultCensus,0.02,0.7917818315828266,0.0068820251915764
2,0,1,AdultCensus,0.04,0.7970026411154106,0.0272521124621764
3,0,1,AdultCensus,0.06,0.7996437565260119,0.0469852762074233
4,0,1,AdultCensus,0.08,0.8022848719366132,0.0669858163617852
5,0,1,AdultCensus,0.1,0.8045574596155027,0.0887343673722305
6,0,1,AdultCensus,0.12,0.8065843621399177,0.130318558582798
7,0,1,AdultCensus,0.14,0.8065843621399177,0.130318558582798
8,0,1,AdultCensus,0.16,0.8072599963147227,0.147270335028195
9,0,1,AdultCensus,inf,0.8091026349732817,0.2007005700157256
0,0,2,AdultCensus,0.0,0.7887107671518948,0.0121227454925137
1,0,2,AdultCensus,0.02,0.7921503593145384,0.0104649302232671
2,0,2,AdultCensus,0.04,0.7963884282292243,0.0351716926501298
3,0,2,AdultCensus,0.06,0.7990909649284442,0.0527735397742154
4,0,2,AdultCensus,0.08,0.8001965481235797,0.061435271672165
5,0,2,AdultCensus,0.1,0.8001965481235797,0.061435271672165
6,0,2,AdultCensus,0.12,0.8001965481235797,0.061435271672165
7,0,2,AdultCensus,0.14,0.806522940851299,0.1378762353483129
8,0,2,AdultCensus,0.16,0.8076285240464345,0.1549164238519936
9,0,2,AdultCensus,inf,0.8091640562619004,0.1990415827134297
0,0,3,AdultCensus,0.0,0.7927645722007248,0.003357619896433
1,0,3,AdultCensus,0.02,0.7963884282292243,0.017571680012556
2,0,3,AdultCensus,0.04,0.798292488176402,0.0382207621068466
3,0,3,AdultCensus,0.06,0.8002579694121983,0.0571166356332698
4,0,3,AdultCensus,0.08,0.8027148209569437,0.073984280488911
5,0,3,AdultCensus,0.1,0.8056630428106382,0.0954559769099297
6,0,3,AdultCensus,0.12,0.8056630428106382,0.0977607544223864
7,0,3,AdultCensus,0.14,0.8086726859529513,0.136404467586152
8,0,3,AdultCensus,0.16,0.8089797923960445,0.1574965272151169
9,0,3,AdultCensus,inf,0.8088569498188072,0.2136849126733462
0,0,4,AdultCensus,0.0,0.7910447761194029,0.0049281951404452
1,0,4,AdultCensus,0.02,0.7946072108592839,0.017570151273796
2,0,4,AdultCensus,0.04,0.7971254836926479,0.0353595236857687
3,0,4,AdultCensus,0.06,0.8003808119894356,0.0575749005555436
4,0,4,AdultCensus,0.08,0.8033904551317487,0.0784986970049969
5,0,4,AdultCensus,0.1,0.8049874086358332,0.0941640907418561
6,0,4,AdultCensus,0.12,0.8072599963147227,0.1227498748982114
7,0,4,AdultCensus,0.14,0.8081813156440022,0.1384174088693346
8,0,4,AdultCensus,0.16,0.8093483201277563,0.1569452640182796
9,0,4,AdultCensus,inf,0.8091026349732817,0.2149801620666917
0,0,5,AdultCensus,0.0,0.7888336097291321,0.0108287190901762
1,0,5,AdultCensus,0.02,0.7928874147779621,0.00908157451939
2,0,5,AdultCensus,0.04,0.7952828450340889,0.0295538324971132
3,0,5,AdultCensus,0.06,0.8048031447699773,0.104343452564765
4,0,5,AdultCensus,0.08,0.8048031447699773,0.104343452564765
5,0,5,AdultCensus,0.1,0.8048031447699773,0.104343452564765
6,0,5,AdultCensus,0.12,0.8056630428106382,0.1134665068625082
7,0,5,AdultCensus,0.14,0.8070757324488668,0.131894637286346
8,0,5,AdultCensus,0.16,0.8092868988391376,0.1509667234338326
9,0,5,AdultCensus,inf,0.810392482034273,0.2028331096278948
0,0,6,AdultCensus,0.0,0.789693507769793,0.0054635594541791
1,0,6,AdultCensus,0.02,0.7920275167373011,0.0111281480552914
2,0,6,AdultCensus,0.04,0.7950371598796143,0.031962615203205
3,0,6,AdultCensus,0.06,0.7978625391560715,0.0492028646526043
4,0,6,AdultCensus,0.08,0.800810761009766,0.0720609742550201
5,0,6,AdultCensus,0.1,0.8040660893065537,0.0928954414029337
6,0,6,AdultCensus,0.12,0.8048031447699773,0.1112327137864719
7,0,6,AdultCensus,0.14,0.8070143111602481,0.140278291603861
8,0,6,AdultCensus,0.16,0.8075671027578158,0.1512371573204674
9,0,6,AdultCensus,inf,0.8086112646643326,0.1960035201757846
0,0,7,AdultCensus,0.0,0.7906762483876911,0.0085147691451598
1,0,7,AdultCensus,0.02,0.7936858915300044,0.0094612113114438
2,0,7,AdultCensus,0.04,0.7971869049812665,0.0310335497008258
3,0,7,AdultCensus,0.06,0.7995823352373933,0.052331785230549
4,0,7,AdultCensus,0.08,0.8029605061114182,0.0724228776774585
5,0,7,AdultCensus,0.1,0.8035747189976046,0.0754630804493676
6,0,7,AdultCensus,0.12,0.8035747189976046,0.0754630804493676
7,0,7,AdultCensus,0.14,0.8066457834285363,0.1331791855083718
8,0,7,AdultCensus,0.16,0.8081198943553836,0.1539099532104023
9,0,7,AdultCensus,inf,0.8100853755911799,0.1956413110055941
0,0,8,AdultCensus,0.0,0.7912290399852588,0.0089666133646418
1,0,8,AdultCensus,0.02,0.7933173637982925,0.0111284538030434
2,0,8,AdultCensus,0.04,0.7976782752902156,0.0330648358491277
3,0,8,AdultCensus,0.06,0.8000122842577237,0.0538941052852575
4,0,8,AdultCensus,0.08,0.8024691358024691,0.0732476322384506
5,0,8,AdultCensus,0.1,0.8067686260057736,0.1229572737899778
6,0,8,AdultCensus,0.12,0.8067686260057736,0.1229572737899778
7,0,8,AdultCensus,0.14,0.8081198943553836,0.1313406223597407
8,0,8,AdultCensus,0.16,0.8098396904367053,0.1486567482095921
9,0,8,AdultCensus,inf,0.8102696394570358,0.2028208797178152
0,0,9,AdultCensus,0.0,0.7906762483876911,0.0029697279150754
1,0,9,AdultCensus,0.02,0.7945457895706652,0.01583712205756
2,0,9,AdultCensus,0.04,0.7971869049812665,0.0328892347235683
3,0,9,AdultCensus,0.06,0.7988452797739697,0.0547326184950891
4,0,9,AdultCensus,0.08,0.8017320803390455,0.0774099292601617
5,0,9,AdultCensus,0.1,0.8038204041520791,0.0953837694825015
6,0,9,AdultCensus,0.12,0.806707204717155,0.1159361843292047
7,0,9,AdultCensus,0.14,0.8083041582212395,0.1357522566731994
8,0,9,AdultCensus,0.16,0.8108838523432221,0.1544572416864638
9,0,9,AdultCensus,inf,0.8098396904367053,0.195271763889356
0,0,10,AdultCensus,0.0,0.7890792948836066,0.0071369169008184
1,0,10,AdultCensus,0.02,0.7916589890055893,0.0099179474949577
2,0,10,AdultCensus,0.04,0.794914317302377,0.0302965957026134
3,0,10,AdultCensus,0.06,0.798292488176402,0.0490024979591337
4,0,10,AdultCensus,0.08,0.8004422332780542,0.0699214024445551
5,0,10,AdultCensus,0.1,0.8035132977089859,0.0891813196276807
6,0,10,AdultCensus,0.12,0.8047417234813586,0.1092800557683899
7,0,10,AdultCensus,0.14,0.8062158344082059,0.1280859884977695
8,0,10,AdultCensus,0.16,0.809225477550519,0.1504898078986874
9,0,10,AdultCensus,inf,0.8100853755911799,0.1960995759278679
0,0,11,AdultCensus,0.0,0.7898163503470302,0.0052078014596397
1,0,11,AdultCensus,0.02,0.7928874147779621,0.0150714277706606
2,0,11,AdultCensus,0.04,0.796941219826792,0.0376572689999296
3,0,11,AdultCensus,0.06,0.7992752287943001,0.0586780384447223
4,0,11,AdultCensus,0.08,0.8017320803390455,0.0746218155097681
5,0,11,AdultCensus,0.1,0.8049259873472145,0.0941625620030962
6,0,11,AdultCensus,0.12,0.8049259873472145,0.0941625620030962
7,0,11,AdultCensus,0.14,0.80603157054235,0.1351101354360625
8,0,11,AdultCensus,0.16,0.8086112646643326,0.1532552963154338
9,0,11,AdultCensus,inf,0.8072599963147227,0.2256523892658079
0,0,12,AdultCensus,0.0,0.7885265032860389,0.0117535041240275
1,0,12,AdultCensus,0.02,0.7920889380259197,0.0101892986248485
2,0,12,AdultCensus,0.04,0.7956513727658007,0.0294620572135576
3,0,12,AdultCensus,0.06,0.7993980713715374,0.0517643174028562
4,0,12,AdultCensus,0.08,0.8024077145138505,0.0723118402855276
5,0,12,AdultCensus,0.1,0.8075056814691972,0.1302344269930422
6,0,12,AdultCensus,0.12,0.8075056814691972,0.1302344269930422
7,0,12,AdultCensus,0.14,0.8076285240464345,0.1354864090028444
8,0,12,AdultCensus,0.16,0.808549843375714,0.1542779715878805
9,0,12,AdultCensus,inf,0.8093483201277563,0.2041146003724007
0,0,13,AdultCensus,0.0,0.7914133038511147,0.0025322538399369
1,0,13,AdultCensus,0.02,0.7936858915300044,0.0152607875450595
2,0,13,AdultCensus,0.04,0.7964498495178429,0.0336093725954213
3,0,13,AdultCensus,0.06,0.8000122842577237,0.0540721523928328
4,0,13,AdultCensus,0.08,0.8030833486886555,0.0741745575065659
5,0,13,AdultCensus,0.1,0.8048645660585959,0.0933448396403998
6,0,13,AdultCensus,0.12,0.8064615195626804,0.1141759435630416
7,0,13,AdultCensus,0.14,0.8089797923960445,0.1347246894367209
8,0,13,AdultCensus,0.16,0.8094711627049935,0.155092636473057
9,0,13,AdultCensus,inf,0.8091640562619004,0.2097346007596812
0,0,14,AdultCensus,0.0,0.7896320864811743,0.0116782392190794
1,0,14,AdultCensus,0.02,0.7930102573551994,0.0145960409742753
2,0,14,AdultCensus,0.04,0.7958970579202752,0.0344215914985818
3,0,14,AdultCensus,0.06,0.7990295436398256,0.0527652845849117
4,0,14,AdultCensus,0.08,0.7991523862170629,0.0559908724104439
5,0,14,AdultCensus,0.1,0.7991523862170629,0.0559908724104439
6,0,14,AdultCensus,0.12,0.7991523862170629,0.0559908724104439
7,0,14,AdultCensus,0.14,0.8073214176033413,0.1316089160121117
8,0,14,AdultCensus,0.16,0.8086112646643326,0.1503080918180882
9,0,14,AdultCensus,inf,0.8087341072415699,0.2048420761903014
0,0,15,AdultCensus,0.0,0.7881579755543271,0.0134898965655354
1,0,15,AdultCensus,0.02,0.7923346231803943,0.0090977791502454
2,0,15,AdultCensus,0.04,0.7965112708064616,0.0304856497292603
3,0,15,AdultCensus,0.06,0.7998280203918678,0.0524284524781364
4,0,15,AdultCensus,0.08,0.8012407100300964,0.0687445283891883
5,0,15,AdultCensus,0.1,0.804004668017935,0.0928981931327016
6,0,15,AdultCensus,0.12,0.8054787789447823,0.1163045084544349
7,0,15,AdultCensus,0.14,0.8069528898716295,0.1352897112823978
8,0,15,AdultCensus,0.16,0.8090412136846631,0.154825565811694
9,0,15,AdultCensus,inf,0.8100853755911799,0.2012658976091545
0,0,16,AdultCensus,0.0,0.790860512253547,0.0067682870278363
1,0,16,AdultCensus,0.02,0.7932559425096739,0.0088123636237631
2,0,16,AdultCensus,0.04,0.7968183772495547,0.0323312450761872
3,0,16,AdultCensus,0.06,0.7993980713715374,0.0529830789002457
4,0,16,AdultCensus,0.08,0.8022848719366132,0.0723448610427425
5,0,16,AdultCensus,0.1,0.8051716725016891,0.0920780247879894
6,0,16,AdultCensus,0.12,0.8059701492537313,0.1130005982464347
7,0,16,AdultCensus,0.14,0.8073828388919599,0.131893108547586
8,0,16,AdultCensus,0.16,0.8079970517781463,0.1553948681258987
9,0,16,AdultCensus,inf,0.808549843375714,0.2033917107707799
0,0,17,AdultCensus,0.0,0.7897549290584116,0.0020504463407599
1,0,17,AdultCensus,0.02,0.7931945212210553,0.0185989415012826
2,0,17,AdultCensus,0.04,0.7965726920950802,0.0354662806091718
3,0,17,AdultCensus,0.06,0.798292488176402,0.0522397041992415
4,0,17,AdultCensus,0.08,0.8003193907008169,0.0732626138782981
5,0,17,AdultCensus,0.1,0.8027148209569437,0.0922524029225408
6,0,17,AdultCensus,0.12,0.8054787789447823,0.1150227119621769
7,0,17,AdultCensus,0.14,0.8063386769854431,0.1349342285627511
8,0,17,AdultCensus,0.16,0.8087341072415699,0.1571441019729902
9,0,17,AdultCensus,inf,0.8115594865180271,0.1968509000704239
0,0,18,AdultCensus,0.0,0.7885265032860389,0.0105310736536142
1,0,18,AdultCensus,0.02,0.7914133038511147,0.0072613562358782
2,0,18,AdultCensus,0.04,0.7946686321479025,0.0289273043953277
3,0,18,AdultCensus,0.06,0.7982310668877833,0.0504944450729259
4,0,18,AdultCensus,0.08,0.8009950248756219,0.0709569191225854
5,0,18,AdultCensus,0.1,0.8043731957496468,0.0924387052194198
6,0,18,AdultCensus,0.12,0.8059087279651127,0.1115172120696982
7,0,18,AdultCensus,0.14,0.8068914685830109,0.1308701275273873
8,0,18,AdultCensus,0.16,0.8081813156440022,0.1512353228339555
9,0,18,AdultCensus,inf,0.8106995884773662,0.1901170606226451
0,0,19,AdultCensus,0.0,0.7884036607088016,0.0182909515991117
1,0,19,AdultCensus,0.02,0.7925803083348688,0.0072451516050228
2,0,19,AdultCensus,0.04,0.7959584792088938,0.0280808417439444
3,0,19,AdultCensus,0.06,0.8000122842577237,0.0510337841074356
4,0,19,AdultCensus,0.08,0.8019163442049014,0.0622747021252526
5,0,19,AdultCensus,0.1,0.8019163442049014,0.0622747021252526
6,0,19,AdultCensus,0.12,0.8019163442049014,0.0622747021252526
7,0,19,AdultCensus,0.14,0.8089797923960445,0.1320754361236892
8,0,19,AdultCensus,0.16,0.810392482034273,0.1529876141585669
9,0,19,AdultCensus,inf,0.8094711627049935,0.206509930177405
0,0,20,AdultCensus,0.0,0.7895092439039371,0.0089935191668169
1,0,20,AdultCensus,0.02,0.7931945212210553,0.0159032145299485
2,0,20,AdultCensus,0.04,0.7963884282292243,0.0353583006947608
3,0,20,AdultCensus,0.06,0.7998894416804865,0.0561909333561625
4,0,20,AdultCensus,0.08,0.8029605061114182,0.0767448769416256
5,0,20,AdultCensus,0.1,0.8054787789447823,0.1102198224420888
6,0,20,AdultCensus,0.12,0.8064615195626804,0.1203615772915029
7,0,20,AdultCensus,0.14,0.8070757324488668,0.1381488094692117
8,0,20,AdultCensus,0.16,0.8080584730667649,0.1569437352795196
9,0,20,AdultCensus,inf,0.809225477550519,0.1911210852822204
0,0,21,AdultCensus,0.0,0.7897549290584116,0.0087952927076103
1,0,21,AdultCensus,0.02,0.7929488360665807,0.0112061646900074
2,0,21,AdultCensus,0.04,0.7966955346723175,0.028810152048357
3,0,21,AdultCensus,0.06,0.8000122842577237,0.0469706003153278
4,0,21,AdultCensus,0.08,0.802162029359376,0.0677077887201501
5,0,21,AdultCensus,0.1,0.8028990848227996,0.0771098378415839
6,0,21,AdultCensus,0.12,0.8028990848227996,0.0771098378415839
7,0,21,AdultCensus,0.14,0.8065843621399177,0.1303203930693099
8,0,21,AdultCensus,0.16,0.8084270007984767,0.1539072014806344
9,0,21,AdultCensus,inf,0.8087955285301885,0.2039252405980018
0,0,22,AdultCensus,0.0,0.7904919845218352,0.0074039875621814
1,0,22,AdultCensus,0.02,0.7929488360665807,0.0114074486267339
2,0,22,AdultCensus,0.04,0.7960813217861311,0.0338002611085802
3,0,22,AdultCensus,0.06,0.7991523862170629,0.0540764328613607
4,0,22,AdultCensus,0.08,0.8046188809041214,0.0990734314375953
5,0,22,AdultCensus,0.1,0.8046188809041214,0.0990734314375953
6,0,22,AdultCensus,0.12,0.8071371537374854,0.1165770825753336
7,0,22,AdultCensus,0.14,0.8081198943553836,0.1329821820401732
8,0,22,AdultCensus,0.16,0.8095325839936122,0.1563013082946307
9,0,22,AdultCensus,inf,0.8104539033228917,0.199594374649027
0,0,23,AdultCensus,0.0,0.7904919845218352,0.0094523955845948
1,0,23,AdultCensus,0.02,0.7939929979730975,0.0101834894175607
2,0,23,AdultCensus,0.04,0.7967569559609361,0.0301932020044822
3,0,23,AdultCensus,0.06,0.8004422332780542,0.0491845197874849
4,0,23,AdultCensus,0.08,0.802837663534181,0.0713075098782003
5,0,23,AdultCensus,0.1,0.8048645660585959,0.0914934350861852
6,0,23,AdultCensus,0.12,0.8081198943553836,0.1369627629812851
7,0,23,AdultCensus,0.14,0.8081198943553836,0.1369627629812851
8,0,23,AdultCensus,0.16,0.8091026349732817,0.1508728079160131
9,0,23,AdultCensus,inf,0.8100853755911799,0.2067895364965995
0,0,24,AdultCensus,0.0,0.7895092439039371,0.0108473697030475
1,0,24,AdultCensus,0.02,0.7931945212210553,0.0114686491350905
2,0,24,AdultCensus,0.04,0.7968183772495547,0.0320308479098574
3,0,24,AdultCensus,0.06,0.7997665991032492,0.0562747591981663
4,0,24,AdultCensus,0.08,0.8019777654935201,0.0712090081441009
5,0,24,AdultCensus,0.1,0.80332903384313,0.0896441707662344
6,0,24,AdultCensus,0.12,0.8059701492537313,0.1109448522779736
7,0,24,AdultCensus,0.14,0.8074442601805786,0.1418326622170177
8,0,24,AdultCensus,0.16,0.8088569498188072,0.1536260664226799
9,0,24,AdultCensus,inf,0.8104539033228917,0.2047643653033374
0,0,25,AdultCensus,0.0,0.7906148270990725,0.0076113864539477
1,0,25,AdultCensus,0.02,0.7933787850869112,0.0126699830106165
2,0,25,AdultCensus,0.04,0.7945457895706652,0.0170969047116747
3,0,25,AdultCensus,0.06,0.7945457895706652,0.0170969047116747
4,0,25,AdultCensus,0.08,0.8019163442049014,0.0774145154764416
5,0,25,AdultCensus,0.1,0.8047417234813586,0.0953846867257575
6,0,25,AdultCensus,0.12,0.8047417234813586,0.1148287659714981
7,0,25,AdultCensus,0.14,0.8068914685830109,0.1375024077635469
8,0,25,AdultCensus,0.16,0.8073828388919599,0.1534406813690569
9,0,25,AdultCensus,inf,0.8093483201277563,0.2083595002451077
0,0,26,AdultCensus,0.0,0.7904305632332166,0.0078943559984141
1,0,26,AdultCensus,0.02,0.7943615257048093,0.0156177990034661
2,0,26,AdultCensus,0.04,0.796941219826792,0.0345222334669451
3,0,26,AdultCensus,0.06,0.7990909649284442,0.0521268323207986
4,0,26,AdultCensus,0.08,0.8019777654935201,0.0723170379973114
5,0,26,AdultCensus,0.1,0.8032061912658928,0.0944403338357788
6,0,26,AdultCensus,0.12,0.8060929918309686,0.1126035338325174
7,0,26,AdultCensus,0.14,0.8074442601805786,0.1302940987626388
8,0,26,AdultCensus,0.16,0.8075056814691972,0.1511212279645047
9,0,26,AdultCensus,inf,0.8101467968797985,0.1938862679512148
0,0,27,AdultCensus,0.0,0.7901234567901234,0.0042793474527645
1,0,27,AdultCensus,0.02,0.7927031509121062,0.0148967438883572
2,0,27,AdultCensus,0.04,0.7970026411154106,0.0348015340383876
3,0,27,AdultCensus,0.06,0.8000122842577237,0.0546136316616065
4,0,27,AdultCensus,0.08,0.8075671027578158,0.1186068399848756
5,0,27,AdultCensus,0.1,0.8075671027578158,0.1186068399848756
6,0,27,AdultCensus,0.12,0.8075671027578158,0.1186068399848756
7,0,27,AdultCensus,0.14,0.8095325839936122,0.1349152722021278
8,0,27,AdultCensus,0.16,0.809901111725324,0.150392834903348
9,0,27,AdultCensus,inf,0.8086112646643326,0.2150670453862154
0,0,28,AdultCensus,0.0,0.7884036607088016,0.0120428943712858
1,0,28,AdultCensus,0.02,0.7911061974080216,0.0087013262318322
2,0,28,AdultCensus,0.04,0.7947914747251398,0.0300017019958194
3,0,28,AdultCensus,0.06,0.7980468030219274,0.0494448639983041
4,0,28,AdultCensus,0.08,0.8004422332780542,0.0653968962526536
5,0,28,AdultCensus,0.1,0.8011792887414778,0.0715758035305712
6,0,28,AdultCensus,0.12,0.8011792887414778,0.0715758035305712
7,0,28,AdultCensus,0.14,0.8073828388919599,0.1318876050880502
8,0,28,AdultCensus,0.16,0.8077513666236718,0.1479152079950998
9,0,28,AdultCensus,inf,0.8092868988391376,0.2005118217368307
0,0,29,AdultCensus,0.0,0.7906762483876911,0.0027219193620878
1,0,29,AdultCensus,0.02,0.7936244702413857,0.0196864862551097
2,0,29,AdultCensus,0.04,0.7973097475585038,0.0372920023522193
3,0,29,AdultCensus,0.06,0.7990909649284442,0.0545319460538666
4,0,29,AdultCensus,0.08,0.8013635526073337,0.0735211236026053
5,0,29,AdultCensus,0.1,0.8016706590504269,0.0784050872349294
6,0,29,AdultCensus,0.12,0.8016706590504269,0.0784050872349294
7,0,29,AdultCensus,0.14,0.8068300472943922,0.1353857670344811
8,0,29,AdultCensus,0.16,0.8072599963147227,0.1559320669261445
9,0,29,AdultCensus,inf,0.8098396904367053,0.196097129945852
0,0,30,AdultCensus,0.0,0.7914133038511147,0.0044613692811157
1,0,30,AdultCensus,0.02,0.7941772618389534,0.0162862145472742
2,0,30,AdultCensus,0.04,0.7979853817333088,0.0391504391047298
3,0,30,AdultCensus,0.06,0.800135126834961,0.0571282540478454
4,0,30,AdultCensus,0.08,0.8015478164731896,0.0732571104187623
5,0,30,AdultCensus,0.1,0.8040660893065537,0.0926109431197073
6,0,30,AdultCensus,0.12,0.806522940851299,0.1283934178623951
7,0,30,AdultCensus,0.14,0.8074442601805786,0.1322617384205682
8,0,30,AdultCensus,0.16,0.8081813156440022,0.1530800009376264
9,0,30,AdultCensus,inf,0.8084884220870954,0.197939362067507
0,0,31,AdultCensus,0.0,0.7888950310177507,0.015078816674667
1,0,31,AdultCensus,0.02,0.7911676186966402,0.0066746262998101
2,0,31,AdultCensus,0.04,0.795098581168233,0.0240947573432966
3,0,31,AdultCensus,0.06,0.7986610159081138,0.0450249744955416
4,0,31,AdultCensus,0.08,0.8005650758552915,0.0599552487207004
5,0,31,AdultCensus,0.1,0.8005650758552915,0.0599552487207004
6,0,31,AdultCensus,0.12,0.8005650758552915,0.0599552487207004
7,0,31,AdultCensus,0.14,0.8068914685830109,0.1286589597849982
8,0,31,AdultCensus,0.16,0.8082427369326208,0.1484664711919372
9,0,31,AdultCensus,inf,0.8099625330139426,0.2072404634728256
0,0,32,AdultCensus,0.0,0.7912290399852588,0.0009604046469581
1,0,32,AdultCensus,0.02,0.7946072108592839,0.0204115160909946
2,0,32,AdultCensus,0.04,0.798292488176402,0.0386667971190408
3,0,32,AdultCensus,0.06,0.8008721822983846,0.057749890185599
4,0,32,AdultCensus,0.08,0.8030833486886555,0.0770195912967883
5,0,32,AdultCensus,0.1,0.8046188809041214,0.0946266361326578
6,0,32,AdultCensus,0.12,0.806707204717155,0.114163102157458
7,0,32,AdultCensus,0.14,0.8078127879122904,0.130289206798607
8,0,32,AdultCensus,0.16,0.8087955285301885,0.1516813578461497
9,0,32,AdultCensus,inf,0.8090412136846631,0.2146953580357133
0,0,33,AdultCensus,0.0,0.7898163503470302,0.0066933278706401
1,0,33,AdultCensus,0.02,0.7936244702413857,0.0107292491548622
2,0,33,AdultCensus,0.04,0.7964498495178429,0.0323049507695161
3,0,33,AdultCensus,0.06,0.7990909649284442,0.0529607593143504
4,0,33,AdultCensus,0.08,0.8025305570910878,0.0742550201232978
5,0,33,AdultCensus,0.1,0.804004668017935,0.0904729000480023
6,0,33,AdultCensus,0.12,0.8061544131195872,0.1096486856413721
7,0,33,AdultCensus,0.14,0.8066457834285363,0.1284503379022239
8,0,33,AdultCensus,0.16,0.8089183711074258,0.1521371767864076
9,0,33,AdultCensus,inf,0.8090412136846631,0.2124058679108562
0,0,34,AdultCensus,0.0,0.7893864013266998,0.0101731449519517
1,0,34,AdultCensus,0.02,0.7929488360665807,0.0116833859729046
2,0,34,AdultCensus,0.04,0.795098581168233,0.0326071824223579
3,0,34,AdultCensus,0.06,0.7968797985381734,0.0488241451038064
4,0,34,AdultCensus,0.08,0.8017320803390455,0.0716776684899424
5,0,34,AdultCensus,0.1,0.8043117744610282,0.0978464147509022
6,0,34,AdultCensus,0.12,0.8042503531724096,0.1184116710031889
7,0,34,AdultCensus,0.14,0.8064000982740618,0.1393336329661302
8,0,34,AdultCensus,0.16,0.8084884220870954,0.1578581248898034
9,0,34,AdultCensus,inf,0.808549843375714,0.2116539322727963
0,0,35,AdultCensus,0.0,0.7897549290584116,0.0078775398720547
1,0,35,AdultCensus,0.02,0.7939315766844789,0.013699996229111
2,0,35,AdultCensus,0.04,0.7968183772495547,0.0371200701996838
3,0,35,AdultCensus,0.06,0.7997665991032492,0.0564797121079167
4,0,35,AdultCensus,0.08,0.8023462932252319,0.0773163194900942
5,0,35,AdultCensus,0.1,0.8043117744610282,0.0938205321845371
6,0,35,AdultCensus,0.12,0.8054173576561636,0.1108760080758173
7,0,35,AdultCensus,0.14,0.8075056814691972,0.1344677084511736
8,0,35,AdultCensus,0.16,0.807198575026104,0.1555726094857221
9,0,35,AdultCensus,inf,0.8081813156440022,0.1752956835551533
0,0,36,AdultCensus,0.0,0.7880965542657085,0.0058428904984809
1,0,36,AdultCensus,0.02,0.7914747251397334,0.0109406227674044
2,0,36,AdultCensus,0.04,0.7938701553958603,0.0321458600225641
3,0,36,AdultCensus,0.06,0.7967569559609361,0.0508529852700924
4,0,36,AdultCensus,0.08,0.7997051778146306,0.0678099594272733
5,0,36,AdultCensus,0.1,0.8021006080707573,0.0856874381497776
6,0,36,AdultCensus,0.12,0.8021006080707573,0.0856874381497776
7,0,36,AdultCensus,0.14,0.8058473066764941,0.1321662941639888
8,0,36,AdultCensus,0.16,0.8076285240464345,0.1522451567008187
9,0,36,AdultCensus,inf,0.808549843375714,0.2075087571251965
0,0,37,AdultCensus,0.0,0.7893864013266998,0.0101743679429597
1,0,37,AdultCensus,0.02,0.7934402063755298,0.0125050830563768
2,0,37,AdultCensus,0.04,0.7968797985381734,0.0327818663046613
3,0,37,AdultCensus,0.06,0.7992138075056815,0.051770126610144
4,0,37,AdultCensus,0.08,0.8017320803390455,0.071954217331617
5,0,37,AdultCensus,0.1,0.8040660893065537,0.0889148604618217
6,0,37,AdultCensus,0.12,0.8074442601805786,0.1273762460494842
7,0,37,AdultCensus,0.14,0.8076285240464345,0.1323507619743559
8,0,37,AdultCensus,0.16,0.8087341072415699,0.1510502435280844
9,0,37,AdultCensus,inf,0.8097168478594681,0.2085344898751632
0,0,38,AdultCensus,0.0,0.789693507769793,0.0073180214859136
1,0,38,AdultCensus,0.02,0.7933173637982925,0.0167469254515639
2,0,38,AdultCensus,0.04,0.7952828450340889,0.0365678897595905
3,0,38,AdultCensus,0.06,0.7977396965788343,0.0568526224494267
4,0,38,AdultCensus,0.08,0.8009950248756219,0.073719961557316
5,0,38,AdultCensus,0.1,0.8033904551317487,0.0920636546436459
6,0,38,AdultCensus,0.12,0.8045574596155027,0.1117851999743171
7,0,38,AdultCensus,0.14,0.8054173576561636,0.1215543502299732
8,0,38,AdultCensus,0.16,0.8062158344082059,0.1459576580129861
9,0,38,AdultCensus,inf,0.8081813156440022,0.2182953849415155
0,0,39,AdultCensus,0.0,0.7881579755543271,0.0112052984047101
1,0,39,AdultCensus,0.02,0.7927645722007248,0.00990755207139
2,0,39,AdultCensus,0.04,0.7966341133836988,0.032496145030427
3,0,39,AdultCensus,0.06,0.7987224371967324,0.0510316438731717
4,0,39,AdultCensus,0.08,0.8011178674528592,0.0680855910256919
5,0,39,AdultCensus,0.1,0.8041275105951723,0.0888203334484983
6,0,39,AdultCensus,0.12,0.806522940851299,0.1306902459333001
7,0,39,AdultCensus,0.14,0.8073214176033413,0.1349268906167034
8,0,39,AdultCensus,0.16,0.8073828388919599,0.1439548064056192
9,0,39,AdultCensus,inf,0.8095325839936122,0.20226533605245
0,0,40,AdultCensus,0.0,0.7869295497819544,0.0071366111530664
1,0,40,AdultCensus,0.02,0.7909219335421657,0.015543145594022
2,0,40,AdultCensus,0.04,0.7954056876113261,0.0377566879772849
3,0,40,AdultCensus,0.06,0.798292488176402,0.0574812907854761
4,0,40,AdultCensus,0.08,0.8015478164731896,0.0749102885137703
5,0,40,AdultCensus,0.1,0.80332903384313,0.0949132746501481
6,0,40,AdultCensus,0.12,0.805355936367545,0.1137189016317757
7,0,40,AdultCensus,0.14,0.8068300472943922,0.1339081900650325
8,0,40,AdultCensus,0.16,0.8068914685830109,0.1556579640664858
9,0,40,AdultCensus,inf,0.8086726859529513,0.2066020112087125
0,0,41,AdultCensus,0.0,0.7903077206559793,0.0058477824625127
1,0,41,AdultCensus,0.02,0.7929488360665807,0.0129566215281068
2,0,41,AdultCensus,0.04,0.7964498495178429,0.0359110926303581
3,0,41,AdultCensus,0.06,0.7991523862170629,0.0540764328613607
4,0,41,AdultCensus,0.08,0.8022848719366132,0.0758304873313419
5,0,41,AdultCensus,0.1,0.8049259873472145,0.0948184418890726
6,0,41,AdultCensus,0.12,0.8076285240464345,0.1134353205918053
7,0,41,AdultCensus,0.14,0.8075056814691972,0.1338044906191493
8,0,41,AdultCensus,0.16,0.8089183711074258,0.1546303968300073
9,0,41,AdultCensus,inf,0.8097168478594681,0.2024571418088648
0,0,42,AdultCensus,0.0,0.7882193968429457,0.0091675915536164
1,0,42,AdultCensus,0.02,0.7919660954486825,0.0105612917231026
2,0,42,AdultCensus,0.04,0.795589951477182,0.0302907864953256
3,0,42,AdultCensus,0.06,0.7978625391560715,0.0497449554168819
4,0,42,AdultCensus,0.08,0.8011178674528592,0.0674419410497951
5,0,42,AdultCensus,0.1,0.8035132977089859,0.0895655426360144
6,0,42,AdultCensus,0.12,0.805355936367545,0.1055980375070958
7,0,42,AdultCensus,0.14,0.806522940851299,0.1266074942850649
8,0,42,AdultCensus,0.16,0.8083655795098581,0.1580459559254423
9,0,42,AdultCensus,inf,0.8084270007984767,0.1866109492346624
0,0,43,AdultCensus,0.0,0.7887107671518948,0.0051068537435245
1,0,43,AdultCensus,0.02,0.7917204102942079,0.0196971874264294
2,0,43,AdultCensus,0.04,0.7952828450340889,0.0392434373792933
3,0,43,AdultCensus,0.06,0.7984767520422579,0.0590631786963119
4,0,43,AdultCensus,0.08,0.8005036545666728,0.0733473569635579
5,0,43,AdultCensus,0.1,0.8029605061114182,0.092059068427366
6,0,43,AdultCensus,0.12,0.8062772556968245,0.1295895540261373
7,0,43,AdultCensus,0.14,0.8071371537374854,0.1352092486656658
8,0,43,AdultCensus,0.16,0.8080584730667649,0.1553847784500831
9,0,43,AdultCensus,inf,0.8094097414163749,0.1880805767625593
0,0,44,AdultCensus,0.0,0.7901234567901234,0.0068643427799197
1,0,44,AdultCensus,0.02,0.7939929979730975,0.0147061611229503
2,0,44,AdultCensus,0.04,0.7977396965788343,0.0354457955097885
3,0,44,AdultCensus,0.06,0.8000122842577237,0.0565604804724006
4,0,44,AdultCensus,0.08,0.8021006080707573,0.075640516061439
5,0,44,AdultCensus,0.1,0.8034518764203673,0.0924169971290286
6,0,44,AdultCensus,0.12,0.8057858853878754,0.1117735815597416
7,0,44,AdultCensus,0.14,0.8075056814691972,0.145429937393052
8,0,44,AdultCensus,0.16,0.8075056814691972,0.1531671900049021
9,0,44,AdultCensus,inf,0.8088569498188072,0.1964636195845703
0,0,45,AdultCensus,0.0,0.7904305632332166,0.0055565577287426
1,0,45,AdultCensus,0.02,0.7943001044161907,0.0107576836957972
2,0,45,AdultCensus,0.04,0.7960813217861311,0.0326946772373856
3,0,45,AdultCensus,0.06,0.7995823352373933,0.0557445925962162
4,0,45,AdultCensus,0.08,0.8029605061114182,0.0753817005893797
5,0,45,AdultCensus,0.1,0.8052945150789264,0.0975894337653549
6,0,45,AdultCensus,0.12,0.8071371537374854,0.129222452891915
7,0,45,AdultCensus,0.14,0.807874209200909,0.1371438675663804
8,0,45,AdultCensus,0.16,0.8087955285301885,0.1519750285619358
9,0,45,AdultCensus,inf,0.8095940052822308,0.1957263598386059
0,0,46,AdultCensus,0.0,0.786315336895768,0.0081400243171378
1,0,46,AdultCensus,0.02,0.7910447761194029,0.0130548175144542
2,0,46,AdultCensus,0.04,0.7935016276641484,0.0310164278267144
3,0,46,AdultCensus,0.06,0.802837663534181,0.0981449774307201
4,0,46,AdultCensus,0.08,0.802837663534181,0.0981449774307201
5,0,46,AdultCensus,0.1,0.802837663534181,0.0981449774307201
6,0,46,AdultCensus,0.12,0.8047417234813586,0.1138131228973472
7,0,46,AdultCensus,0.14,0.807198575026104,0.1357485877001756
8,0,46,AdultCensus,0.16,0.8086726859529513,0.1538056422690152
9,0,46,AdultCensus,inf,0.8089797923960445,0.2090845300809925
0,0,47,AdultCensus,0.0,0.7885879245746575,0.0086279467713547
1,0,47,AdultCensus,0.02,0.7931945212210553,0.012204685890047
2,0,47,AdultCensus,0.04,0.7965726920950802,0.029904117504976
3,0,47,AdultCensus,0.06,0.7978625391560715,0.0476078295884329
4,0,47,AdultCensus,0.08,0.8015478164731896,0.0695384024272294
5,0,47,AdultCensus,0.1,0.8077513666236718,0.1342835463885585
6,0,47,AdultCensus,0.12,0.8077513666236718,0.1342835463885585
7,0,47,AdultCensus,0.14,0.8077513666236718,0.1342835463885585
8,0,47,AdultCensus,0.16,0.8086726859529513,0.1507752234251697
9,0,47,AdultCensus,inf,0.809901111725324,0.2084436318348635
0,0,48,AdultCensus,0.0,0.7898777716356489,0.0065810674877013
1,0,48,AdultCensus,0.02,0.7930102573551994,0.0138820180574622
2,0,48,AdultCensus,0.04,0.7957742153430379,0.0312082335831292
3,0,48,AdultCensus,0.06,0.798783858485351,0.0525927409368722
4,0,48,AdultCensus,0.08,0.8011792887414778,0.0734253735982739
5,0,48,AdultCensus,0.1,0.8035132977089859,0.105888039249858
6,0,48,AdultCensus,0.12,0.8039432467293164,0.1152873366415239
7,0,48,AdultCensus,0.14,0.8060929918309686,0.1328974389549134
8,0,48,AdultCensus,0.16,0.8078127879122904,0.153997142277678
9,0,48,AdultCensus,inf,0.8084884220870954,0.1948116644805702
0,0,49,AdultCensus,0.0,0.7904305632332166,0.0014168860406787
1,0,49,AdultCensus,0.02,0.793071678643818,0.0182245024210126
2,0,49,AdultCensus,0.04,0.7965112708064616,0.0385018971648011
3,0,49,AdultCensus,0.06,0.801486395184571,0.0570279178272341
4,0,49,AdultCensus,0.08,0.8035747189976046,0.0743544391006531
5,0,49,AdultCensus,0.1,0.8052330937903077,0.0941714286879039
6,0,49,AdultCensus,0.12,0.8062158344082059,0.1134374608260692
7,0,49,AdultCensus,0.14,0.8087955285301885,0.1345481710679055
8,0,49,AdultCensus,0.16,0.8104539033228917,0.1572254818329781
9,0,49,AdultCensus,inf,0.8111295374976967,0.1994227482442435
