,Unnamed: 0,seed,dataset,lambda,acc,disparity
0,0,0,AdultCensus,0.05,0.8076899453350531,0.1978472810361995
0,0,0,AdultCensus,0.15,0.8083655795098581,0.1831060608376876
0,0,0,AdultCensus,0.25,0.8081198943553836,0.1528135417717674
0,0,0,AdultCensus,0.35,0.8068914685830109,0.136967654945317
0,0,0,AdultCensus,0.45,0.8059087279651127,0.1149391918679251
0,0,0,AdultCensus,0.55,0.8029605061114182,0.0766720580186934
0,0,0,AdultCensus,0.65,0.7993980713715374,0.0539956644968767
0,0,0,AdultCensus,0.75,0.7943001044161907,0.0160959375296193
0,0,0,AdultCensus,0.8500000000000001,0.7870523923591917,0.0265892513358629
0,0,0,AdultCensus,0.95,0.7854554388551072,0.033469951620514
0,0,1,AdultCensus,0.05,0.8081813156440022,0.1959028782074213
0,0,1,AdultCensus,0.15,0.8089183711074258,0.1729609427630016
0,0,1,AdultCensus,0.25,0.8081813156440022,0.1619081615285757
0,0,1,AdultCensus,0.35,0.8061544131195872,0.1329711751211015
0,0,1,AdultCensus,0.45,0.8062772556968245,0.1228624410289023
0,0,1,AdultCensus,0.55,0.8032676125545114,0.0716033208282502
0,0,1,AdultCensus,0.65,0.8010564461642405,0.0693903185993491
0,0,1,AdultCensus,0.75,0.7952214237454702,0.0184028552763399
0,0,1,AdultCensus,0.8500000000000001,0.7871752349364289,0.0209664992188144
0,0,1,AdultCensus,0.95,0.7852711749892513,0.0395555548761161
0,0,2,AdultCensus,0.05,0.8100239543025612,0.193429226019949
0,0,2,AdultCensus,0.15,0.810576745900129,0.1775781414817147
0,0,2,AdultCensus,0.25,0.8081813156440022,0.1493943137033085
0,0,2,AdultCensus,0.35,0.8070143111602481,0.1403700668874165
0,0,2,AdultCensus,0.45,0.8062158344082059,0.1236018410091306
0,0,2,AdultCensus,0.55,0.8019777654935201,0.086906199647167
0,0,2,AdultCensus,0.65,0.7985381733308765,0.0642267486478305
0,0,2,AdultCensus,0.75,0.7941772618389534,0.0269816785755416
0,0,2,AdultCensus,0.8500000000000001,0.7888950310177507,0.0099828679342968
0,0,2,AdultCensus,0.95,0.784472698237209,0.0362378860192763
0,0,3,AdultCensus,0.05,0.8082427369326208,0.1976579212618006
0,0,3,AdultCensus,0.15,0.8063386769854431,0.1936048271455084
0,0,3,AdultCensus,0.25,0.8089183711074258,0.15602537094846
0,0,3,AdultCensus,0.35,0.807874209200909,0.1381356623158761
0,0,3,AdultCensus,0.45,0.8056630428106382,0.1254425443920257
0,0,3,AdultCensus,0.55,0.8037589828634605,0.0955755752389164
0,0,3,AdultCensus,0.65,0.8019163442049014,0.075372222409068
0,0,3,AdultCensus,0.75,0.7963270069406057,0.0329761180430921
0,0,3,AdultCensus,0.8500000000000001,0.7885879245746575,0.0145156293155021
0,0,3,AdultCensus,0.95,0.7827529021558872,0.0413919777904833
0,0,4,AdultCensus,0.05,0.8100853755911799,0.2034642239459601
0,0,4,AdultCensus,0.15,0.8091640562619004,0.1909262220482857
0,0,4,AdultCensus,0.25,0.8100239543025612,0.1740775335532678
0,0,4,AdultCensus,0.35,0.8079356304895277,0.1448649155473751
0,0,4,AdultCensus,0.45,0.8049874086358332,0.1060636403754174
0,0,4,AdultCensus,0.55,0.8008721822983846,0.0759250143446653
0,0,4,AdultCensus,0.65,0.796265585651987,0.0453183394635757
0,0,4,AdultCensus,0.75,0.7914747251397334,0.0073228624919868
0,0,4,AdultCensus,0.8500000000000001,0.7885879245746575,0.0192096216779232
0,0,4,AdultCensus,0.95,0.7810945273631841,0.0439870627934541
0,0,5,AdultCensus,0.05,0.8102082181684171,0.1922333956039588
0,0,5,AdultCensus,0.15,0.8100239543025612,0.1753874588387088
0,0,5,AdultCensus,0.25,0.8082427369326208,0.1567733318657441
0,0,5,AdultCensus,0.35,0.8062158344082059,0.127647291431623
0,0,5,AdultCensus,0.45,0.8057858853878754,0.1227816726644183
0,0,5,AdultCensus,0.55,0.8022234506479946,0.0863573824323456
0,0,5,AdultCensus,0.65,0.7975554327129784,0.044136573444177
0,0,5,AdultCensus,0.75,0.7944843682820466,0.0246802642883568
0,0,5,AdultCensus,0.8500000000000001,0.7861924943185308,0.0320994373222204
0,0,5,AdultCensus,0.95,0.7817087402493704,0.0449035926380018
0,0,6,AdultCensus,0.05,0.8103310607456544,0.1940823541761575
0,0,6,AdultCensus,0.15,0.8110066949204594,0.1853260952648845
0,0,6,AdultCensus,0.25,0.8101467968797985,0.1686475044358903
0,0,6,AdultCensus,0.35,0.8077513666236718,0.1377795681007255
0,0,6,AdultCensus,0.45,0.802837663534181,0.1009263647305699
0,0,6,AdultCensus,0.55,0.8020391867821387,0.0944748833317536
0,0,6,AdultCensus,0.65,0.7990295436398256,0.0661742089541286
0,0,6,AdultCensus,0.75,0.7924574657576315,0.0141943393861196
0,0,6,AdultCensus,0.8500000000000001,0.7887107671518948,0.0066578611314093
0,0,6,AdultCensus,0.95,0.7828143234445059,0.0286453540100346
0,0,7,AdultCensus,0.05,0.8097782691480867,0.195724831099846
0,0,7,AdultCensus,0.15,0.8074442601805786,0.1507917338037772
0,0,7,AdultCensus,0.25,0.8058473066764941,0.1634842402321236
0,0,7,AdultCensus,0.35,0.8073214176033413,0.123404226045428
0,0,7,AdultCensus,0.45,0.8062158344082059,0.1190638819161415
0,0,7,AdultCensus,0.55,0.8007493397211474,0.0796217084980549
0,0,7,AdultCensus,0.65,0.8002579694121983,0.0614514763030204
0,0,7,AdultCensus,0.75,0.7887721884405134,0.0007454130193507
0,0,7,AdultCensus,0.8500000000000001,0.7863767581843867,0.0149793976973117
0,0,7,AdultCensus,0.95,0.7841041705054972,0.0293174385268665
0,0,8,AdultCensus,0.05,0.8097782691480867,0.1995090200682632
0,0,8,AdultCensus,0.15,0.8095325839936122,0.1910351192059527
0,0,8,AdultCensus,0.25,0.8096554265708494,0.1650480890255921
0,0,8,AdultCensus,0.35,0.8070143111602481,0.1317970527955026
0,0,8,AdultCensus,0.45,0.8064000982740618,0.1159230371758691
0,0,8,AdultCensus,0.55,0.8019163442049014,0.0778758378762353
0,0,8,AdultCensus,0.65,0.7982310668877833,0.0550128363097876
0,0,8,AdultCensus,0.75,0.7951600024568516,0.0235768206514261
0,0,8,AdultCensus,0.8500000000000001,0.7891407161722253,0.0188379343274211
0,0,8,AdultCensus,0.95,0.783797064062404,0.0389938962557111
0,0,9,AdultCensus,0.05,0.8096554265708494,0.1953632334251595
0,0,9,AdultCensus,0.15,0.8100853755911799,0.1808991735638263
0,0,9,AdultCensus,0.25,0.8105153246115103,0.1687429486924697
0,0,9,AdultCensus,0.35,0.8083655795098581,0.1569477100002955
0,0,9,AdultCensus,0.45,0.8063386769854431,0.1312308079588178
0,0,9,AdultCensus,0.55,0.8009336035870033,0.0834000882591844
0,0,9,AdultCensus,0.65,0.8014249738959524,0.0704983484525596
0,0,9,AdultCensus,0.75,0.7988452797739697,0.0516893582456601
0,0,9,AdultCensus,0.8500000000000001,0.7933787850869112,0.0163935829661812
0,0,9,AdultCensus,0.95,0.783121429887599,0.0370601945982525
0,0,10,AdultCensus,0.05,0.8097168478594681,0.1819093131784415
0,0,10,AdultCensus,0.15,0.8095325839936122,0.1750931766274188
0,0,10,AdultCensus,0.25,0.8102082181684171,0.1619115247538475
0,0,10,AdultCensus,0.35,0.8059701492537313,0.1355656486285684
0,0,10,AdultCensus,0.45,0.8044960383268841,0.1073790691203942
0,0,10,AdultCensus,0.55,0.8010564461642405,0.0802717791767436
0,0,10,AdultCensus,0.65,0.798783858485351,0.0542703788520395
0,0,10,AdultCensus,0.75,0.7941158405503348,0.021816274137511
0,0,10,AdultCensus,0.8500000000000001,0.7912290399852588,0.0065566076675421
0,0,10,AdultCensus,0.95,0.782445795712794,0.0511663257579231
0,0,11,AdultCensus,0.05,0.8089183711074258,0.2219755687162977
0,0,11,AdultCensus,0.15,0.8088569498188072,0.1889857939402833
0,0,11,AdultCensus,0.25,0.8089797923960445,0.1776613558282146
0,0,11,AdultCensus,0.35,0.8069528898716295,0.1491893607935581
0,0,11,AdultCensus,0.45,0.805355936367545,0.1260589828179955
0,0,11,AdultCensus,0.55,0.8024691358024691,0.0880081145453378
0,0,11,AdultCensus,0.65,0.8003808119894356,0.0597915717574686
0,0,11,AdultCensus,0.75,0.7935630489527671,0.0220196983085015
0,0,11,AdultCensus,0.8500000000000001,0.7886493458632762,0.0035543176168797
0,0,11,AdultCensus,0.95,0.7839813279282599,0.0460125397344682
0,0,12,AdultCensus,0.05,0.8099625330139426,0.2016262722928329
0,0,12,AdultCensus,0.15,0.8092868988391376,0.1828334867167889
0,0,12,AdultCensus,0.25,0.8075671027578158,0.1686487274268982
0,0,12,AdultCensus,0.35,0.8083655795098581,0.1462455195214843
0,0,12,AdultCensus,0.45,0.8059701492537313,0.1259886098770792
0,0,12,AdultCensus,0.55,0.8008721822983846,0.0812950659446943
0,0,12,AdultCensus,0.65,0.800810761009766,0.0670017152448886
0,0,12,AdultCensus,0.75,0.7940544192617162,0.0244902930184539
0,0,12,AdultCensus,0.8500000000000001,0.7847798046803022,0.0276890259997696
0,0,12,AdultCensus,0.95,0.7842270130827345,0.0391067681341539
0,0,13,AdultCensus,0.05,0.8097168478594681,0.2099105076329926
0,0,13,AdultCensus,0.15,0.810392482034273,0.1884482893922855
0,0,13,AdultCensus,0.25,0.8097168478594681,0.1792447724778103
0,0,13,AdultCensus,0.35,0.8083041582212395,0.1470932051638757
0,0,13,AdultCensus,0.45,0.8040660893065537,0.1108937414454327
0,0,13,AdultCensus,0.55,0.8027762422455623,0.0814752532865335
0,0,13,AdultCensus,0.65,0.800135126834961,0.0643344228144896
0,0,13,AdultCensus,0.75,0.7917204102942079,0.0030981419709111
0,0,13,AdultCensus,0.8500000000000001,0.7886493458632762,0.0172722510474408
0,0,13,AdultCensus,0.95,0.7836128001965481,0.0379865083708638
0,0,14,AdultCensus,0.05,0.8112523800749339,0.1943426983869767
0,0,14,AdultCensus,0.15,0.8084884220870954,0.1762920645209289
0,0,14,AdultCensus,0.25,0.8087341072415699,0.160616886856006
0,0,14,AdultCensus,0.35,0.8073214176033413,0.1419146535725096
0,0,14,AdultCensus,0.45,0.80603157054235,0.1270938880005218
0,0,14,AdultCensus,0.55,0.8022234506479946,0.0903967178997983
0,0,14,AdultCensus,0.65,0.7997665991032492,0.0524073558832492
0,0,14,AdultCensus,0.75,0.794422946993428,0.0282555256262478
0,0,14,AdultCensus,0.8500000000000001,0.789693507769793,0.0146893959545495
0,0,14,AdultCensus,0.95,0.7853940175664885,0.0275734023915589
0,0,15,AdultCensus,0.05,0.8097168478594681,0.158165248506677
0,0,15,AdultCensus,0.15,0.8086112646643326,0.157151439919038
0,0,15,AdultCensus,0.25,0.8046188809041214,0.1336646619805728
0,0,15,AdultCensus,0.35,0.8060929918309686,0.1258160662290397
0,0,15,AdultCensus,0.45,0.8040660893065537,0.0964055275116922
0,0,15,AdultCensus,0.55,0.802653399668325,0.0799872808935172
0,0,15,AdultCensus,0.65,0.7963884282292243,0.0409241327719804
0,0,15,AdultCensus,0.75,0.7933173637982925,0.0204381161454177
0,0,15,AdultCensus,0.8500000000000001,0.7853325962778699,0.0268572392404818
0,0,15,AdultCensus,0.95,0.7840427492168786,0.0391878422463898
0,0,16,AdultCensus,0.05,0.8092868988391376,0.191586993898294
0,0,16,AdultCensus,0.15,0.8119280142497389,0.1806293511726955
0,0,16,AdultCensus,0.25,0.8102696394570358,0.160273328298687
0,0,16,AdultCensus,0.35,0.8070757324488668,0.1317178131697786
0,0,16,AdultCensus,0.45,0.8029605061114182,0.1045325065914119
0,0,16,AdultCensus,0.55,0.8015478164731896,0.0791814826931485
0,0,16,AdultCensus,0.65,0.7989067010625883,0.062213195869144
0,0,16,AdultCensus,0.75,0.7953442663227075,0.0282876291402067
0,0,16,AdultCensus,0.8500000000000001,0.7906762483876911,0.0060833611054208
0,0,16,AdultCensus,0.95,0.7857625452982003,0.0262628656106139
0,0,17,AdultCensus,0.05,0.8077513666236718,0.2097294030478974
0,0,17,AdultCensus,0.15,0.8094097414163749,0.1770326874921652
0,0,17,AdultCensus,0.25,0.8089797923960445,0.16046024209107
0,0,17,AdultCensus,0.35,0.8064615195626804,0.1319906930384294
0,0,17,AdultCensus,0.45,0.8059087279651127,0.1214686899014575
0,0,17,AdultCensus,0.55,0.8039432467293164,0.10332719799511
0,0,17,AdultCensus,0.65,0.8001965481235797,0.0597166126002725
0,0,17,AdultCensus,0.75,0.7925803083348688,0.0150068640370321
0,0,17,AdultCensus,0.8500000000000001,0.7877894478226153,0.0019470526426287
0,0,17,AdultCensus,0.95,0.7868681284933358,0.0223954622956968
0,0,18,AdultCensus,0.05,0.8097168478594681,0.1925105559411374
0,0,18,AdultCensus,0.15,0.8109452736318408,0.1828435763926045
0,0,18,AdultCensus,0.25,0.8067686260057736,0.1439590868741471
0,0,18,AdultCensus,0.35,0.8114366439407898,0.1573264295490934
0,0,18,AdultCensus,0.45,0.8073828388919599,0.128103416119633
0,0,18,AdultCensus,0.55,0.8038818254406978,0.1044416485511123
0,0,18,AdultCensus,0.65,0.7989067010625883,0.0636974992891364
0,0,18,AdultCensus,0.75,0.7938087341072416,0.0138150083418178
0,0,18,AdultCensus,0.8500000000000001,0.7868067072047171,0.0168972004716668
0,0,18,AdultCensus,0.95,0.7852711749892513,0.0402708007839372
0,0,19,AdultCensus,0.05,0.807874209200909,0.2003334688815033
0,0,19,AdultCensus,0.15,0.8100239543025612,0.1845870010324082
0,0,19,AdultCensus,0.25,0.8089797923960445,0.1628500684365385
0,0,19,AdultCensus,0.35,0.8067686260057736,0.1352110831521778
0,0,19,AdultCensus,0.45,0.8062772556968245,0.1185251543771357
0,0,19,AdultCensus,0.55,0.8024691358024691,0.092807946587906
0,0,19,AdultCensus,0.65,0.7988452797739697,0.0545435644684422
0,0,19,AdultCensus,0.75,0.7963884282292243,0.0297477784877919
0,0,19,AdultCensus,0.8500000000000001,0.788342239420183,0.016329732643974
0,0,19,AdultCensus,0.95,0.7843498556599717,0.0370730360038361
0,0,20,AdultCensus,0.05,0.809225477550519,0.1878080026416606
0,0,20,AdultCensus,0.15,0.8081198943553836,0.1797005914180682
0,0,20,AdultCensus,0.25,0.807198575026104,0.1500434671387412
0,0,20,AdultCensus,0.35,0.8056630428106382,0.1227559898532512
0,0,20,AdultCensus,0.45,0.8051716725016891,0.1161414429867071
0,0,20,AdultCensus,0.55,0.80332903384313,0.0831385210573572
0,0,20,AdultCensus,0.65,0.7960199004975125,0.0399855890892895
0,0,20,AdultCensus,0.75,0.7928874147779621,0.0191419495088162
0,0,20,AdultCensus,0.8500000000000001,0.7879737116884712,0.0108128202070727
0,0,20,AdultCensus,0.95,0.7825686382900313,0.0437839443702156
0,0,21,AdultCensus,0.05,0.8087955285301885,0.1944387541390602
0,0,21,AdultCensus,0.15,0.8096554265708494,0.1857849716826623
0,0,21,AdultCensus,0.25,0.8082427369326208,0.1679013780051182
0,0,21,AdultCensus,0.35,0.8074442601805786,0.1349238331391835
0,0,21,AdultCensus,0.45,0.8068914685830109,0.1251531541447674
0,0,21,AdultCensus,0.55,0.804004668017935,0.0927905189660426
0,0,21,AdultCensus,0.65,0.7961427430747497,0.0424708596913374
0,0,21,AdultCensus,0.75,0.7946686321479025,0.031806581933773
0,0,21,AdultCensus,0.8500000000000001,0.7871752349364289,0.01331490693548
0,0,21,AdultCensus,0.95,0.7853325962778699,0.0288732380011842
0,0,22,AdultCensus,0.05,0.8106995884773662,0.1989507246731301
0,0,22,AdultCensus,0.15,0.8097782691480867,0.1738921484996448
0,0,22,AdultCensus,0.25,0.8094097414163749,0.1539934733046541
0,0,22,AdultCensus,0.35,0.8102696394570358,0.1471794769878954
0,0,22,AdultCensus,0.45,0.8049259873472145,0.1172299049837902
0,0,22,AdultCensus,0.55,0.8042503531724096,0.0856204284341332
0,0,22,AdultCensus,0.65,0.7990295436398256,0.0481850813441894
0,0,22,AdultCensus,0.75,0.7938701553958603,0.0171314542076496
0,0,22,AdultCensus,0.8500000000000001,0.7885879245746575,0.0085104886766319
0,0,22,AdultCensus,0.95,0.7865610220502426,0.0230412525058576
0,0,23,AdultCensus,0.05,0.8095940052822308,0.1896551267273474
0,0,23,AdultCensus,0.15,0.8093483201277563,0.1825682505419379
0,0,23,AdultCensus,0.25,0.8076899453350531,0.1517908664993207
0,0,23,AdultCensus,0.35,0.8097168478594681,0.15031604125964
0,0,23,AdultCensus,0.45,0.80603157054235,0.1081882305460349
0,0,23,AdultCensus,0.55,0.802653399668325,0.0691107122801546
0,0,23,AdultCensus,0.65,0.7988452797739697,0.0481982284975249
0,0,23,AdultCensus,0.75,0.7957127940544193,0.0229334764232812
0,0,23,AdultCensus,0.8500000000000001,0.7872980775136662,0.0210564400158581
0,0,23,AdultCensus,0.95,0.7813402125176586,0.0512654389875265
0,0,24,AdultCensus,0.05,0.8106995884773662,0.1973880988706697
0,0,24,AdultCensus,0.15,0.8103310607456544,0.1844961429921086
0,0,24,AdultCensus,0.25,0.8100239543025612,0.1667153315171917
0,0,24,AdultCensus,0.35,0.8076285240464345,0.1412945461735159
0,0,24,AdultCensus,0.45,0.8060929918309686,0.1147504435890302
0,0,24,AdultCensus,0.55,0.802837663534181,0.0809102314408566
0,0,24,AdultCensus,0.65,0.7996437565260119,0.0465037744559983
0,0,24,AdultCensus,0.75,0.7967569559609361,0.0340771156980068
0,0,24,AdultCensus,0.8500000000000001,0.7914747251397334,0.007682370890368
0,0,24,AdultCensus,0.95,0.7838584853510226,0.0389073186839393
0,0,25,AdultCensus,0.05,0.8087341072415699,0.209365970886699
0,0,25,AdultCensus,0.15,0.8084884220870954,0.184218371159426
0,0,25,AdultCensus,0.25,0.8084884220870954,0.1549427181586647
0,0,25,AdultCensus,0.35,0.8064615195626804,0.1319784631283498
0,0,25,AdultCensus,0.45,0.8041889318837909,0.1018343336380619
0,0,25,AdultCensus,0.55,0.8021006080707573,0.0928097810744179
0,0,25,AdultCensus,0.65,0.7984153307536392,0.0477164209983479
0,0,25,AdultCensus,0.75,0.7921503593145384,0.0063203665711714
0,0,25,AdultCensus,0.8500000000000001,0.7850254898347767,0.0247222536462967
0,0,25,AdultCensus,0.95,0.7833056937534549,0.0464619379719344
0,0,26,AdultCensus,0.05,0.8100239543025612,0.189743538785631
0,0,26,AdultCensus,0.15,0.8100853755911799,0.1638620425376655
0,0,26,AdultCensus,0.25,0.8089797923960445,0.1530858101449142
0,0,26,AdultCensus,0.35,0.80603157054235,0.126741462758395
0,0,26,AdultCensus,0.45,0.8059087279651127,0.1187184888723105
0,0,26,AdultCensus,0.55,0.8013021313187151,0.0846977836345458
0,0,26,AdultCensus,0.65,0.7966955346723175,0.0494803307375349
0,0,26,AdultCensus,0.75,0.7923346231803943,0.0234862683588785
0,0,26,AdultCensus,0.8500000000000001,0.7852097537006326,0.0219607399503261
0,0,26,AdultCensus,0.95,0.7829371660217431,0.0452621328351683
0,0,27,AdultCensus,0.05,0.8109452736318408,0.1963859086976063
0,0,27,AdultCensus,0.15,0.8115594865180271,0.1841345453174222
0,0,27,AdultCensus,0.25,0.8108838523432221,0.1687429486924697
0,0,27,AdultCensus,0.35,0.8073214176033413,0.1403587542205929
0,0,27,AdultCensus,0.45,0.8060929918309686,0.1091919494578582
0,0,27,AdultCensus,0.55,0.8034518764203673,0.0903092230847706
0,0,27,AdultCensus,0.65,0.7999508629691051,0.0650463054970388
0,0,27,AdultCensus,0.75,0.7941158405503348,0.0174655345846569
0,0,27,AdultCensus,0.8500000000000001,0.7895092439039371,0.0047223249874388
0,0,27,AdultCensus,0.95,0.7831828511762177,0.0394637795925605
0,0,28,AdultCensus,0.05,0.8091026349732817,0.2005200769261343
0,0,28,AdultCensus,0.15,0.8090412136846631,0.160726701256929
0,0,28,AdultCensus,0.25,0.8099625330139426,0.166252480378638
0,0,28,AdultCensus,0.35,0.8094097414163749,0.1475404631670779
0,0,28,AdultCensus,0.45,0.8082427369326208,0.1256144765445612
0,0,28,AdultCensus,0.55,0.8007493397211474,0.0748230994464946
0,0,28,AdultCensus,0.65,0.7979239604446902,0.052895584085218
0,0,28,AdultCensus,0.75,0.791536146428352,0.0165691840917406
0,0,28,AdultCensus,0.8500000000000001,0.7891407161722253,0.013770114380234
0,0,28,AdultCensus,0.95,0.7822001105583195,0.0385301278739014
0,0,29,AdultCensus,0.05,0.8073214176033413,0.1936066616320203
0,0,29,AdultCensus,0.15,0.8087955285301885,0.1753740059376213
0,0,29,AdultCensus,0.25,0.8088569498188072,0.1589857225991412
0,0,29,AdultCensus,0.35,0.805355936367545,0.1445149362872642
0,0,29,AdultCensus,0.45,0.8064000982740618,0.1261743006784542
0,0,29,AdultCensus,0.55,0.8030833486886555,0.0953935534105652
0,0,29,AdultCensus,0.65,0.8014249738959524,0.0701330818048493
0,0,29,AdultCensus,0.75,0.7933787850869112,0.0281958538566512
0,0,29,AdultCensus,0.8500000000000001,0.7919046741600638,0.0110382072582477
0,0,29,AdultCensus,0.95,0.784472698237209,0.041291641569872
0,0,30,AdultCensus,0.05,0.8097168478594681,0.1949052742506377
0,0,30,AdultCensus,0.15,0.810392482034273,0.1884605193023651
0,0,30,AdultCensus,0.25,0.8102082181684171,0.1607208920496412
0,0,30,AdultCensus,0.35,0.809225477550519,0.1468077896373933
0,0,30,AdultCensus,0.45,0.8073214176033413,0.1119568263791007
0,0,30,AdultCensus,0.55,0.8016092377618083,0.0857822709108531
0,0,30,AdultCensus,0.65,0.8019163442049014,0.0652341365326778
0,0,30,AdultCensus,0.75,0.7946686321479025,0.0210750396707708
0,0,30,AdultCensus,0.8500000000000001,0.7923346231803943,0.0021624009759468
0,0,30,AdultCensus,0.95,0.7835513789079295,0.0277520609946382
0,0,31,AdultCensus,0.05,0.8088569498188072,0.1932465926960938
0,0,31,AdultCensus,0.15,0.8098396904367053,0.1775952633558261
0,0,31,AdultCensus,0.25,0.8083655795098581,0.1520658866022354
0,0,31,AdultCensus,0.35,0.8083041582212395,0.1408292490529463
0,0,31,AdultCensus,0.45,0.8063386769854431,0.1174064233526056
0,0,31,AdultCensus,0.55,0.8017320803390455,0.0785161246268603
0,0,31,AdultCensus,0.65,0.7971254836926479,0.0410771085638926
0,0,31,AdultCensus,0.75,0.7936858915300044,0.0193099069405758
0,0,31,AdultCensus,0.8500000000000001,0.7877280265339967,0.0256663007885234
0,0,31,AdultCensus,0.95,0.78127879122904,0.0403940680859477
0,0,32,AdultCensus,0.05,0.8086726859529513,0.2208657043765752
0,0,32,AdultCensus,0.15,0.8111909587863153,0.1956339730595464
0,0,32,AdultCensus,0.25,0.8108224310546035,0.1682709251213563
0,0,32,AdultCensus,0.35,0.8065843621399177,0.1324489579607032
0,0,32,AdultCensus,0.45,0.806707204717155,0.1232286249198686
0,0,32,AdultCensus,0.55,0.8040660893065537,0.0896802490009692
0,0,32,AdultCensus,0.65,0.8009950248756219,0.0562056092482579
0,0,32,AdultCensus,0.75,0.7965726920950802,0.0285391066662182
0,0,32,AdultCensus,0.8500000000000001,0.7890792948836066,0.0061989847136315
0,0,32,AdultCensus,0.95,0.78263005957865,0.0448005046876226
0,0,33,AdultCensus,0.05,0.8108838523432221,0.1860627435153449
0,0,33,AdultCensus,0.15,0.8096554265708494,0.1648828833236003
0,0,33,AdultCensus,0.25,0.8099625330139426,0.1710345790515908
0,0,33,AdultCensus,0.35,0.8049874086358332,0.1288843977941318
0,0,33,AdultCensus,0.45,0.8019163442049014,0.0999354872243302
0,0,33,AdultCensus,0.55,0.8041275105951723,0.1069153007385846
0,0,33,AdultCensus,0.65,0.7992138075056815,0.0640594027115749
0,0,33,AdultCensus,0.75,0.7923960444690129,0.0190556776847964
0,0,33,AdultCensus,0.8500000000000001,0.7892021374608439,0.0070445301217589
0,0,33,AdultCensus,0.95,0.7820158466924636,0.0463839213372183
0,0,34,AdultCensus,0.05,0.8092868988391376,0.2015244073334617
0,0,34,AdultCensus,0.15,0.8096554265708494,0.1931520656827704
0,0,34,AdultCensus,0.25,0.8086112646643326,0.1483887603049731
0,0,34,AdultCensus,0.35,0.8087341072415699,0.1586045570683275
0,0,34,AdultCensus,0.45,0.8037589828634605,0.1016492543321908
0,0,34,AdultCensus,0.55,0.802653399668325,0.0951111953616027
0,0,34,AdultCensus,0.65,0.8007493397211474,0.0682764795388508
0,0,34,AdultCensus,0.75,0.7920889380259197,0.02027046446141
0,0,34,AdultCensus,0.8500000000000001,0.7902462993673607,0.0121769138025746
0,0,34,AdultCensus,0.95,0.7822001105583195,0.0462734954407914
0,0,35,AdultCensus,0.05,0.8097782691480867,0.2087238496495621
0,0,35,AdultCensus,0.15,0.8095940052822308,0.1797097638506279
0,0,35,AdultCensus,0.25,0.8089797923960445,0.1636784919705544
0,0,35,AdultCensus,0.35,0.8087341072415699,0.1456196029152029
0,0,35,AdultCensus,0.45,0.8052945150789264,0.1094877604079082
0,0,35,AdultCensus,0.55,0.8024077145138505,0.0879093070634864
0,0,35,AdultCensus,0.65,0.7982310668877833,0.0457802733588734
0,0,35,AdultCensus,0.75,0.7932559425096739,0.0151766559553037
0,0,35,AdultCensus,0.8500000000000001,0.7855168601437258,0.0244646611652454
0,0,35,AdultCensus,0.95,0.7833056937534549,0.0413959525112591
0,0,36,AdultCensus,0.05,0.8089797923960445,0.195083932853717
0,0,36,AdultCensus,0.15,0.8091640562619004,0.1699293009281482
0,0,36,AdultCensus,0.25,0.8076285240464345,0.1509511302984811
0,0,36,AdultCensus,0.35,0.8069528898716295,0.1240344231202373
0,0,36,AdultCensus,0.45,0.8035747189976046,0.0969610711770575
0,0,36,AdultCensus,0.55,0.8017320803390455,0.0662500853545807
0,0,36,AdultCensus,0.65,0.7939315766844789,0.0326803070930421
0,0,36,AdultCensus,0.75,0.7952214237454702,0.0261511148072617
0,0,36,AdultCensus,0.8500000000000001,0.7888336097291321,0.005464170949683
0,0,36,AdultCensus,0.95,0.7847183833916835,0.0325521987849584
0,0,37,AdultCensus,0.05,0.808549843375714,0.197564617239485
0,0,37,AdultCensus,0.15,0.8096554265708494,0.1718688117928946
0,0,37,AdultCensus,0.25,0.8099625330139426,0.1629332827830383
0,0,37,AdultCensus,0.35,0.8078127879122904,0.1351128871658304
0,0,37,AdultCensus,0.45,0.8062158344082059,0.1170619475520306
0,0,37,AdultCensus,0.55,0.8017320803390455,0.0826716951980277
0,0,37,AdultCensus,0.65,0.8004422332780542,0.0544634075994623
0,0,37,AdultCensus,0.75,0.7927645722007248,0.0148016053795297
0,0,37,AdultCensus,0.8500000000000001,0.7891407161722253,0.011926659267571
0,0,37,AdultCensus,0.95,0.7810331060745654,0.048125817238262
0,0,38,AdultCensus,0.05,0.8105153246115103,0.1952818535651716
0,0,38,AdultCensus,0.15,0.810576745900129,0.1804439661190724
0,0,38,AdultCensus,0.25,0.8094711627049935,0.1651566804355071
0,0,38,AdultCensus,0.35,0.8084270007984767,0.1522503544126025
0,0,38,AdultCensus,0.45,0.8066457834285363,0.1305011919066531
0,0,38,AdultCensus,0.55,0.8025919783797064,0.0880185099689054
0,0,38,AdultCensus,0.65,0.8003193907008169,0.0643280021116978
0,0,38,AdultCensus,0.75,0.7912904612738775,0.0077055567615605
0,0,38,AdultCensus,0.8500000000000001,0.789693507769793,0.0068487496445682
0,0,38,AdultCensus,0.95,0.782445795712794,0.0494164804153277
0,0,39,AdultCensus,0.05,0.8105153246115103,0.1837494050658326
0,0,39,AdultCensus,0.15,0.8081198943553836,0.158242959393641
0,0,39,AdultCensus,0.25,0.8089183711074258,0.1611861891702107
0,0,39,AdultCensus,0.35,0.806707204717155,0.1304959941948693
0,0,39,AdultCensus,0.45,0.8064000982740618,0.1202682732691874
0,0,39,AdultCensus,0.55,0.8035747189976046,0.0934454816087631
0,0,39,AdultCensus,0.65,0.8016706590504269,0.0731775650452863
0,0,39,AdultCensus,0.75,0.7933787850869112,0.0184927960733835
0,0,39,AdultCensus,0.8500000000000001,0.7894478226153184,0.0153214275158708
0,0,39,AdultCensus,0.95,0.7842884343713531,0.027273616720733
0,0,40,AdultCensus,0.05,0.8083041582212395,0.193990884640354
0,0,40,AdultCensus,0.15,0.8101467968797985,0.1730845158127641
0,0,40,AdultCensus,0.25,0.8083041582212395,0.1592619656930639
0,0,40,AdultCensus,0.35,0.8049874086358332,0.1335612682824416
0,0,40,AdultCensus,0.45,0.8063386769854431,0.1236856668511344
0,0,40,AdultCensus,0.55,0.8010564461642405,0.0873714967677366
0,0,40,AdultCensus,0.65,0.7978625391560715,0.0524333444421683
0,0,40,AdultCensus,0.75,0.7939315766844789,0.02614163662695
0,0,40,AdultCensus,0.8500000000000001,0.7873594988022848,0.0191747664341964
0,0,40,AdultCensus,0.95,0.7817701615379891,0.0516383493290365
0,0,41,AdultCensus,0.05,0.8104539033228917,0.1717944641312024
0,0,41,AdultCensus,0.15,0.809225477550519,0.158804618014046
0,0,41,AdultCensus,0.25,0.8079970517781463,0.1486646976511438
0,0,41,AdultCensus,0.35,0.8063386769854431,0.1348485682342353
0,0,41,AdultCensus,0.45,0.806522940851299,0.1183403808190166
0,0,41,AdultCensus,0.55,0.8049874086358332,0.1004604561144964
0,0,41,AdultCensus,0.65,0.8008721822983846,0.0667211916824381
0,0,41,AdultCensus,0.75,0.7927031509121062,0.0092703227982849
0,0,41,AdultCensus,0.8500000000000001,0.7876051839567594,0.015346498831534
0,0,41,AdultCensus,0.95,0.7842884343713531,0.0343231407224411
0,0,42,AdultCensus,0.05,0.8094711627049935,0.1846772475772038
0,0,42,AdultCensus,0.15,0.8079970517781463,0.1635848822004869
0,0,42,AdultCensus,0.25,0.8068300472943922,0.1441460006665301
0,0,42,AdultCensus,0.35,0.8059087279651127,0.1273747173107243
0,0,42,AdultCensus,0.45,0.8050488299244518,0.1048861548245466
0,0,42,AdultCensus,0.55,0.8031447699772741,0.0894884432445543
0,0,42,AdultCensus,0.65,0.7986610159081138,0.0558464575555874
0,0,42,AdultCensus,0.75,0.7936858915300044,0.0183126087315442
0,0,42,AdultCensus,0.8500000000000001,0.7870523923591917,0.0112726138681065
0,0,42,AdultCensus,0.95,0.7853325962778699,0.0326519235100657
0,0,43,AdultCensus,0.05,0.8083655795098581,0.1813549925040842
0,0,43,AdultCensus,0.15,0.808549843375714,0.1712282192945176
0,0,43,AdultCensus,0.25,0.8086112646643326,0.1589765501665815
0,0,43,AdultCensus,0.35,0.8078127879122904,0.1398209439248431
0,0,43,AdultCensus,0.45,0.8063386769854431,0.1178854791220147
0,0,43,AdultCensus,0.55,0.8012407100300964,0.0874654122855561
0,0,43,AdultCensus,0.65,0.7995823352373933,0.0555702144616648
0,0,43,AdultCensus,0.75,0.7960199004975125,0.0408164586053214
0,0,43,AdultCensus,0.8500000000000001,0.7873594988022848,0.0117177316370448
0,0,43,AdultCensus,0.95,0.7846569621030649,0.0367044061308539
0,0,44,AdultCensus,0.05,0.8109452736318408,0.2023678125073252
0,0,44,AdultCensus,0.15,0.8091640562619004,0.1815510787290269
0,0,44,AdultCensus,0.25,0.8084884220870954,0.1596189771514705
0,0,44,AdultCensus,0.35,0.8076899453350531,0.1312265274902899
0,0,44,AdultCensus,0.45,0.8059701492537313,0.1064350219781675
0,0,44,AdultCensus,0.55,0.8044960383268841,0.097130863095329
0,0,44,AdultCensus,0.65,0.7992138075056815,0.0512243668728425
0,0,44,AdultCensus,0.75,0.7966955346723175,0.0307514973996153
0,0,44,AdultCensus,0.8500000000000001,0.7906762483876911,0.0058545089130565
0,0,44,AdultCensus,0.95,0.7802346293225232,0.0567640065593084
0,0,45,AdultCensus,0.05,0.8099625330139426,0.1850388452518902
0,0,45,AdultCensus,0.15,0.8095940052822308,0.174822436993032
0,0,45,AdultCensus,0.25,0.8084270007984767,0.1542767485968726
0,0,45,AdultCensus,0.35,0.8082427369326208,0.141105492146869
0,0,45,AdultCensus,0.45,0.8055402002334009,0.1210202089072473
0,0,45,AdultCensus,0.55,0.8047417234813586,0.0967717114026585
0,0,45,AdultCensus,0.65,0.8018549229162828,0.0717070202741334
0,0,45,AdultCensus,0.75,0.7973097475585038,0.0329724490700682
0,0,45,AdultCensus,0.8500000000000001,0.7881579755543271,0.0158882838480596
0,0,45,AdultCensus,0.95,0.7866838646274799,0.0252505857617348
0,0,46,AdultCensus,0.05,0.8081198943553836,0.2025391331643567
0,0,46,AdultCensus,0.15,0.8095940052822308,0.1856831067232911
0,0,46,AdultCensus,0.25,0.8086726859529513,0.1490223206050544
0,0,46,AdultCensus,0.35,0.807874209200909,0.1380677353569758
0,0,46,AdultCensus,0.45,0.805355936367545,0.1131670269394344
0,0,46,AdultCensus,0.55,0.802162029359376,0.0782362125599138
0,0,46,AdultCensus,0.65,0.7982310668877833,0.0491985841840764
0,0,46,AdultCensus,0.75,0.7931945212210553,0.0231228361976801
0,0,46,AdultCensus,0.8500000000000001,0.7888336097291321,0.0105234299598145
0,0,46,AdultCensus,0.95,0.7825072170014127,0.0391502352728951
0,0,47,AdultCensus,0.05,0.8094711627049935,0.2055897313598335
0,0,47,AdultCensus,0.15,0.8111909587863153,0.1878153405877083
0,0,47,AdultCensus,0.25,0.809225477550519,0.166704018850368
0,0,47,AdultCensus,0.35,0.8091026349732817,0.1400947410367498
0,0,47,AdultCensus,0.45,0.80468030219274,0.1184976370794567
0,0,47,AdultCensus,0.55,0.8029605061114182,0.0889992977993296
0,0,47,AdultCensus,0.65,0.802653399668325,0.0802522113206162
0,0,47,AdultCensus,0.75,0.7968183772495547,0.0369346851460608
0,0,47,AdultCensus,0.8500000000000001,0.7891407161722253,0.0090846829548685
0,0,47,AdultCensus,0.95,0.7827529021558872,0.033282120584875
0,0,48,AdultCensus,0.05,0.8097168478594681,0.1976603672438165
0,0,48,AdultCensus,0.15,0.8097168478594681,0.1669946320886342
0,0,48,AdultCensus,0.25,0.8083041582212395,0.1455311908569192
0,0,48,AdultCensus,0.35,0.8068300472943922,0.1349397320222869
0,0,48,AdultCensus,0.45,0.80468030219274,0.1022999365063835
0,0,48,AdultCensus,0.55,0.8025919783797064,0.0963161982101526
0,0,48,AdultCensus,0.65,0.7979853817333088,0.0513155306608941
0,0,48,AdultCensus,0.75,0.7915975677169707,0.0129700744291944
0,0,48,AdultCensus,0.8500000000000001,0.7862539156071494,0.0261208967377734
0,0,48,AdultCensus,0.95,0.7820772679810822,0.0511644912714112
0,0,49,AdultCensus,0.05,0.8080584730667649,0.204105122192089
0,0,49,AdultCensus,0.15,0.8087341072415699,0.1808031178117429
0,0,49,AdultCensus,0.25,0.8092868988391376,0.1568495140139482
0,0,49,AdultCensus,0.35,0.8070757324488668,0.1321656826684848
0,0,49,AdultCensus,0.45,0.8032676125545114,0.0955719062658925
0,0,49,AdultCensus,0.55,0.8036975615748418,0.0850590755614802
0,0,49,AdultCensus,0.65,0.8003808119894356,0.0640425865852154
0,0,49,AdultCensus,0.75,0.7951600024568516,0.0266109084682954
0,0,49,AdultCensus,0.8500000000000001,0.7881579755543271,0.010083815650412
0,0,49,AdultCensus,0.95,0.7816473189607518,0.0528993549741592
